3575.jpg 9 8
6105.jpg 5 3
5106.jpg 2 4 11 2
2375.jpg 2 2 11 10
392.jpg 2 1 3
424.jpg 2 4
4364.jpg 7 6
1096.jpg 2 3
4317.jpg 2 3 11 6
6580.jpg 9 5
4851.jpg 10 3
1621.jpg 7
7050.jpg 8 5
609.jpg 2 3 11 5
3429.jpg 2 7 11 8
5780.jpg 2 3 10 1 1
4576.jpg 7 9
6379.jpg 2 5
1075.jpg 2 4
7167.jpg 8 8
4136.jpg 8 6
7030.jpg 2 1
985.jpg 2 6 1
6682.jpg 2 1 11 2
3263.jpg 2 4
2018.jpg 3 8
7351.jpg 4 7
282.jpg 10 9
3499.jpg 9 8
6405.jpg 2 2
5928.jpg 2 1 11 4 1 1
2199.jpg 3 3
2548.jpg 8 1
6756.jpg 7 3
4833.jpg 2 5
4713.jpg 2 5 4
5781.jpg 7 11 9 1 1
6807.jpg 2 4 11 6
5594.jpg 2 6
6547.jpg 2 11 10 6
1578.jpg 2 2
3770.jpg 3 3
3064.jpg 6 2
5681.jpg 5 5
1392.jpg 6 2
6172.jpg 9 11 2 1 1
6221.jpg 9 1
4109.jpg 8 8
4642.jpg 4 1
857.jpg 2 5 6
1668.jpg 2 3
3480.jpg 2 10 11 7
4226.jpg 6 9
5898.jpg 3 1 1
89.jpg 2 1
116.jpg 2 3
5688.jpg 2 1 11 6
740.jpg 10 1
465.jpg 7 9
1236.jpg 2 2 2
1409.jpg 10 1
5823.jpg 2 3 11 6
1952.jpg 2 11 3 2
6399.jpg 7 10 11 10
3049.jpg 2 5 1
7237.jpg 2 6 5
6180.jpg 2 2 6
4598.jpg 9 6 1 1
4593.jpg 8
5491.jpg 2 5 1
2081.jpg 2 2 6
1569.jpg 2 1 6
1120.jpg 2 1
4926.jpg 2 3 11 2
4070.jpg 2 4 11 5
6764.jpg 5 4
6206.jpg 2 3 7
6581.jpg 5 7
1181.jpg 8 4
1019.jpg 8 5 11 6
4777.jpg 2 3
7114.jpg 3 10
4984.jpg 2 9 11 10
6893.jpg 2 3 1
4816.jpg 2 2
6166.jpg 9
1695.jpg 3 1 11 2 1
60.jpg 2 5 11 8
4341.jpg 8 2
663.jpg 9 9
3961.jpg 2 8 11 9
4177.jpg 4 8 11 5 1 1
439.jpg 4 1
3442.jpg 2 11 2 1
4795.jpg 2 6 4
1824.jpg 3 1 4
3822.jpg 3 4
2376.jpg 4 2 11 8
890.jpg 10 11 7
501.jpg 2 3
1326.jpg 7 9
3116.jpg 2 3 11 6
2896.jpg 2 3 11 7
1074.jpg 2 4 11 6
2461.jpg 8 8
7334.jpg 2 3 5
6168.jpg 6 11 7
488.jpg 2 3
3102.jpg 5
1979.jpg 2 4
5443.jpg 6 1
4227.jpg 2 1 11 5
4793.jpg 8 9
1544.jpg 2 1 11 3
6769.jpg 8 9
2597.jpg 2 6
1284.jpg 9
7288.jpg 7 6
2820.jpg 2 4
5757.jpg 8 11 4
6436.jpg 3
3975.jpg 2 6 1
4533.jpg 2 1
1145.jpg 9 8
145.jpg 7 6 11 6
3850.jpg 2 4 5
3885.jpg 2 3 11 7
2445.jpg 10 7
729.jpg 2 2 2
5332.jpg 2 11 2 10
5880.jpg 2 2 1 1
5580.jpg 3 1
2007.jpg 5 2
2818.jpg 2 4 1
3985.jpg 3 2 1
7147.jpg 2 1 4
2424.jpg 7 7
5388.jpg 7
4555.jpg 2 3 6
4485.jpg 2 3
882.jpg 2 11 6 4
2758.jpg 6
6343.jpg 7
1318.jpg 2 10 11 5
7210.jpg 2 5 5
3836.jpg 1 9
3921.jpg 2 4 8
1001.jpg 8 5
7246.jpg 9 9
1271.jpg 2 6 11 3
4016.jpg 3 1 1
4074.jpg 2 6
4765.jpg 4 8
1733.jpg 3 1 1
3693.jpg 2 3 5
5712.jpg 6 6
4794.jpg 2 2 9
6720.jpg 3 2
789.jpg 5 8
2460.jpg 3 8
3767.jpg 10 4
7382.jpg 4
5824.jpg 7 7
630.jpg 5 11 9 1 1
142.jpg 7 4
4818.jpg 9 10
5724.jpg 10 9
4053.jpg 2 4 9
2748.jpg 2 10 11 3
1938.jpg 2 11 5 1
2369.jpg 3 1 9
6355.jpg 8 8
3520.jpg 2 3 1
6311.jpg 2 2
2658.jpg 7 9
6315.jpg 5 8
4102.jpg 2 3 10
842.jpg 3 6
5649.jpg 2 3 11 6
3306.jpg 2 4 6
2000.jpg 2 1 3
3509.jpg 3 4 1
6944.jpg 3 5 1
795.jpg 2 11 8 3
4532.jpg 2 4 4
4495.jpg 2 2 1
1404.jpg 6 11 2
3233.jpg 2 6 11 7
6572.jpg 2 11 6 6
7463.jpg 12 4 5 11 10
4475.jpg 2 5
4335.jpg 2 6
3617.jpg 3 2 3
2456.jpg 3 4
4442.jpg 2 1 10
6684.jpg 2 3 11 3
3616.jpg 9 9
1348.jpg 2 7
6078.jpg 3 3
1495.jpg 9 2
4809.jpg 2 3 2
1961.jpg 5 10
4861.jpg 8 5
4245.jpg 7 3
3315.jpg 2 4 11 4 1 1
2378.jpg 10 11 8 1 1
3902.jpg 8
6449.jpg 2 5
6357.jpg 6 6
7344.jpg 2 10
3142.jpg 7 2
6873.jpg 2 5 7
7291.jpg 2 1 2
3358.jpg 10
5134.jpg 2 2 11 6
3672.jpg 9 6
5318.jpg 3 2 1
3469.jpg 2 2 4 11 9 4
3959.jpg 2 2
1563.jpg 2 3
1724.jpg 8 11 6 1 1
2263.jpg 9 3
4439.jpg 2 4 11 6
110.jpg 3 3 6
17.jpg 2 11 1 10
5181.jpg 2 4 6
7398.jpg 6 6 11 2 8
7314.jpg 8 10
6514.jpg 2 5 7
6262.jpg 2 1
1008.jpg 3 1 11 6
3303.jpg 10 7
1749.jpg 2 1 2
5467.jpg 7 3
3025.jpg 2 5
6344.jpg 10 1
2110.jpg 2 11 5 2
51.jpg 2 1 10 11 3
6284.jpg 2 1 11 5
3643.jpg 3 3 6
6071.jpg 2 10 8
139.jpg 2 4 3
4654.jpg 3 3 1
6423.jpg 9 11 3
6587.jpg 2 1 11 5
2940.jpg 2 4 10
7019.jpg 8 6
6983.jpg 7 6
584.jpg 9 3
4912.jpg 2 5 11 2
2944.jpg 2 7 11 6
3872.jpg 9
5541.jpg 2 2 1
4639.jpg 2 1 8
4315.jpg 2 4 11 7 1 1
6680.jpg 2 6 7
2309.jpg 2 3 1
4457.jpg 2 3 1
3568.jpg 8 7 11 6
5652.jpg 2 4 1 1
5617.jpg 3 3 7
4353.jpg 10 2
2580.jpg 8 3
5289.jpg 2 2
2115.jpg 8 11 4
1005.jpg 6 10
2551.jpg 7 10
4906.jpg 9
2079.jpg 8 8
293.jpg 7 2
5750.jpg 2 2
1675.jpg 2 4
2216.jpg 2 2 8 11 6
3787.jpg 2 2
2996.jpg 2 3 11 3
3477.jpg 2 6 8
3881.jpg 2 11 1 1
1429.jpg 2 4 11 6
242.jpg 6 9
4267.jpg 2 1
6080.jpg 8 2
695.jpg 9 7
2057.jpg 10 7
1494.jpg 8 11 3 1 1
1376.jpg 2 3 1
5516.jpg 2 3 11 5
7353.jpg 9
3910.jpg 2 6 11 9
7309.jpg 2 4 3
7425.jpg 12 2 7 8
6280.jpg 8 1
719.jpg 2 4 2
1548.jpg 6 6
4829.jpg 10 11 3 1 1
1360.jpg 2 5 1
5460.jpg 2 5 1
7007.jpg 2 4 1
3604.jpg 2 6 11 9
3282.jpg 2 8
2361.jpg 5 10
1561.jpg 7 8
5084.jpg 2 3 11 6
6947.jpg 8 11 3 1 1
4643.jpg 8 3
784.jpg 2 2
766.jpg 2 11 8 3
3887.jpg 2 4 11 4
4063.jpg 2 11 1 2
7071.jpg 2 2 11 6
3160.jpg 2 11 6 1
6433.jpg 3 5
2401.jpg 2 4
5585.jpg 7
6736.jpg 6 11 5 1 1
743.jpg 8 1
6097.jpg 2 4 11 9
2163.jpg 8 11 9
5623.jpg 2 1 11 1 1
5777.jpg 3 6 1
7296.jpg 3 4
6007.jpg 8 5 11 6
6243.jpg 4 6
6793.jpg 2 4 11 6
6407.jpg 9
2146.jpg 2 7
1295.jpg 7 3
6485.jpg 2 5 5
2012.jpg 9 11 6
5273.jpg 2 3
3784.jpg 2 11 4 4
925.jpg 9 11 7 1 1
4450.jpg 10 11 10
6502.jpg 2 4 11 3
2853.jpg 10 11 3
6082.jpg 4 3
7330.jpg 2 5
4326.jpg 3 7 1
629.jpg 12 2 7 6 11 2
6846.jpg 10 6
2718.jpg 10 11 2 1 1
6463.jpg 2 2
3367.jpg 8 7
6661.jpg 2 3 11 2
3120.jpg 4 10 11 4
4723.jpg 6 11 9 3
27.jpg 2 3
3874.jpg 2 6 3
4217.jpg 8 6 11 8
3330.jpg 2 1 4
1195.jpg 10 2
4257.jpg 7 4
6332.jpg 7 11 9 1 1
680.jpg 6 7
5056.jpg 9 11 7
6890.jpg 10 4
2972.jpg 5 3
4731.jpg 2 3
415.jpg 10 7
5470.jpg 2 6
534.jpg 9
5294.jpg 9 11 8 1 1
5481.jpg 10
1549.jpg 2 1 11 8
6447.jpg 2 5 8
1269.jpg 2 5
1503.jpg 2 1 10
2501.jpg 2 3 11 1 1
6568.jpg 2 3 1
7249.jpg 2 3 3
3376.jpg 10
6630.jpg 2 4 11 6
3437.jpg 5 7
5676.jpg 9 10
919.jpg 2 5 1
3075.jpg 8 5
271.jpg 2 2 7
5560.jpg 2 4 1
3474.jpg 12 5 2
6108.jpg 2 9
4866.jpg 7 8
1471.jpg 2 1 4
3385.jpg 2 3
7355.jpg 9 4
4446.jpg 12 2 3 6
6618.jpg 2 5 11 10
4720.jpg 2 2 11 6
4689.jpg 7 10
5915.jpg 2 4 11 6
104.jpg 2 4 11 4 1 1
197.jpg 9 1
6402.jpg 12 2 1 3
6841.jpg 2 3 6
1167.jpg 7 6
3824.jpg 6 11 4 1 1
5314.jpg 9 10
6593.jpg 2 3 6
3788.jpg 6 2
1419.jpg 2 5 6
5833.jpg 2 4 11 7
3551.jpg 10 5
2784.jpg 3 8
5802.jpg 2 1 9
7401.jpg 2 6 6 11 10 2
7119.jpg 4 9
2934.jpg 2 2 11 6
2930.jpg 3 4
4546.jpg 2 5 7 1 1
6583.jpg 3 5 1
6006.jpg 2 5
2880.jpg 2 1
6798.jpg 7 11 10 1 1
6274.jpg 6 9 1 1
5448.jpg 2 4 11 3
1058.jpg 2 11 5 4
2912.jpg 2 4 11 9
2418.jpg 9
3382.jpg 2 2 11 6
5424.jpg 2 3 11 3
5893.jpg 9 4
5428.jpg 8 9
1483.jpg 2 5 1
6762.jpg 2 6
7085.jpg 2 3
6579.jpg 7 4
1285.jpg 6 3
3894.jpg 2 3
2337.jpg 9 11 7 1 1
3746.jpg 2 11 2 3
5615.jpg 2 4 10
6509.jpg 5 11 9 1 1
4531.jpg 2 5 5
7286.jpg 2 3
4099.jpg 2 6 2
2459.jpg 7 8
1916.jpg 6
2398.jpg 9 9
5707.jpg 1 4
4474.jpg 2 3 10
606.jpg 5 7
835.jpg 2 4
6674.jpg 2 8
1138.jpg 2 3
5751.jpg 2 3
1398.jpg 10 11 2 1 1
2465.jpg 2 3
4852.jpg 2 6 11 7
4210.jpg 3 3 11 6
4071.jpg 2 3 11 6
958.jpg 2 11 6 10
1514.jpg 6 10
6949.jpg 6 3
6827.jpg 6 11 6 1 1
2829.jpg 2 4 11 1
5501.jpg 3 3
1667.jpg 2 1 11 6 1 1
2143.jpg 8 6
2222.jpg 8 10
1105.jpg 10 11 2 1 1
1013.jpg 2 3
1954.jpg 2 3 11 6
5439.jpg 2 3 11 10
1211.jpg 7 3
1314.jpg 8 11 10 1 1
6295.jpg 12 2 1 2
1504.jpg 9 10
7301.jpg 10 6
232.jpg 2 1 6 1 1
2971.jpg 2 3 11 2 1 1
6503.jpg 2 2 11 6
313.jpg 9 11 7 1 1
1625.jpg 7 11 7
3899.jpg 2 5 1
5147.jpg 4 6
1535.jpg 3 2
2074.jpg 6 8
5244.jpg 2 1
5344.jpg 6 8 1 1
4137.jpg 2 6
338.jpg 2 1
568.jpg 10 7
831.jpg 2 3 11 9
1533.jpg 2 1 11 2 1 1
1272.jpg 2 5
3136.jpg 2 2
1905.jpg 8 2
5358.jpg 2 5 3
5240.jpg 8
105.jpg 2 5 9
524.jpg 10 11 9
5440.jpg 7 3
1149.jpg 2 4 7
5347.jpg 12 3 7 11 10
4064.jpg 2 1 11 2
6711.jpg 7 8
2507.jpg 9
4383.jpg 2 4 9
1779.jpg 8 11 9 1 1
6014.jpg 2 6 3
1891.jpg 2 3 3
6177.jpg 6 11 7 1 1
1904.jpg 2 4 11 4
807.jpg 10 4
3811.jpg 8 11 7 1 1
1188.jpg 9
7027.jpg 5 8
7183.jpg 2 5 8
908.jpg 2 3 1
895.jpg 5 10
6801.jpg 2 4 10
3593.jpg 8
1242.jpg 2 4 1
1765.jpg 3 9
2593.jpg 10 2
6191.jpg 9 3
2043.jpg 2 3
3803.jpg 6 9
818.jpg 3 1 1
1172.jpg 2 1 10
1580.jpg 2 9
5174.jpg 3 3 11 5
2686.jpg 2 7
4585.jpg 6 4
967.jpg 6 3
3181.jpg 3 5 1
5993.jpg 4 8
5689.jpg 2 4
1234.jpg 2 8
97.jpg 2 11 3 5
1813.jpg 2 9 11 6
594.jpg 2 2
4911.jpg 7 10
6840.jpg 9 6
4348.jpg 8 10
1045.jpg 6 10
5408.jpg 2 8
669.jpg 8 1
4401.jpg 10 11 3
5475.jpg 2 6 11 9
1750.jpg 10 5
5360.jpg 2 9 11 3
2006.jpg 2 2
2020.jpg 10 10
6610.jpg 8 11 8
207.jpg 7 5
6758.jpg 2 3 1
502.jpg 2 11 6 10
4200.jpg 2 5
7193.jpg 10
3602.jpg 10 2
4937.jpg 2 2 10
2498.jpg 2 2
3608.jpg 2 10 11 7
7328.jpg 2 1 5
7408.jpg 12 2 5 6
2774.jpg 2 4 8
6192.jpg 2 2 11 7
6753.jpg 12 2 4 8
6843.jpg 9 11 7 1 1
2419.jpg 2 3
917.jpg 2 5 1
188.jpg 2 4
3161.jpg 8 4
6450.jpg 8
1430.jpg 7 8
4535.jpg 6 1
1967.jpg 2 3
4847.jpg 2 5 6
7388.jpg 12 8 10
2966.jpg 7 8
6690.jpg 3 8 1
7204.jpg 2 5 10
2846.jpg 7 11 9 1 1
2482.jpg 2 4 9
4521.jpg 2 2 11 6
1568.jpg 2 10 1
4187.jpg 12 2 5 7 11 6
1456.jpg 2 4
2786.jpg 2 3 11 6
176.jpg 10 8
5020.jpg 5 11 1 1
2499.jpg 7 1
6408.jpg 10 3
7270.jpg 2 1 3
4892.jpg 3 1 11 5
5434.jpg 2 6 11 4
1290.jpg 2 1 7
2782.jpg 3 5 1
2743.jpg 2 1 11 5
708.jpg 2 3
7267.jpg 8 7
6806.jpg 2 3 1
1699.jpg 2 2 2
3218.jpg 2 4
7161.jpg 9 11 6 1 1
1070.jpg 7 2
2942.jpg 2 6 4
2038.jpg 7 11 6 1 1
6916.jpg 2 3
4822.jpg 7 9
3957.jpg 2 2 1
4165.jpg 9 10
7010.jpg 2 6 11 3
3219.jpg 2 3
6666.jpg 3 3 11 5
5538.jpg 3 6 1
2639.jpg 2 6 5
4848.jpg 2 5 4 11 10 5
3677.jpg 2 4 9
1453.jpg 2 1 11 10
523.jpg 9 11 5
5703.jpg 2 4
5366.jpg 9 6
3564.jpg 2 3 11 6
5606.jpg 2 5 11 2
1809.jpg 9
246.jpg 10 9
1468.jpg 2 5 1
240.jpg 2 9 11 10
3227.jpg 2 1 4
7308.jpg 2 6 7
2152.jpg 2 3
7163.jpg 2 2 11 6
3260.jpg 2 9
5135.jpg 2 2 6
6107.jpg 8
2636.jpg 8 7
563.jpg 3 2 1
3495.jpg 2 4 1
3058.jpg 5 11 5
5137.jpg 6 11 8
3734.jpg 8 5
6774.jpg 3 6 1
7318.jpg 2 1
2699.jpg 5 2
779.jpg 7 11 8
4470.jpg 8 2 11 6
1157.jpg 7
4088.jpg 8 3
1848.jpg 2 6 1
2664.jpg 2 3
5081.jpg 2 10
3851.jpg 2 5
1894.jpg 2 5 11 4
3426.jpg 2 1 6
5586.jpg 6 11 4 1 1
509.jpg 10 4
825.jpg 10 10
3928.jpg 2 3 11 3
3541.jpg 3 6 1
2367.jpg 2 1 10 3
6597.jpg 2 3
2439.jpg 2 3 1
3801.jpg 3 3
2833.jpg 4 1
5896.jpg 7 8
5035.jpg 8 1
1060.jpg 6 11 8 1 1
7277.jpg 2 5 3
2765.jpg 3 6 1
6431.jpg 2 11 1 1
319.jpg 3 10
3427.jpg 3 5 6
1721.jpg 2 2 5
5241.jpg 2 5 10 1 1
4736.jpg 2 8 3 1 1
7231.jpg 5 4
7374.jpg 12 2 9 10
7197.jpg 8 11 4 1 1
3507.jpg 2 1 11 8
5173.jpg 7
2384.jpg 2 4
14.jpg 2 3
935.jpg 2 2
6538.jpg 7 10 11 6
1520.jpg 6 11 10 1 1
4562.jpg 3 2
2847.jpg 2 2 11 6
2187.jpg 2 5
2167.jpg 6 11 5 1 1
2109.jpg 2 5 11 5
1344.jpg 2 4
5653.jpg 10 2
3886.jpg 2 1 2
3239.jpg 2 2 11 6 1 1
3105.jpg 9
496.jpg 8 11 3
770.jpg 9 11 2 1 1
1193.jpg 2 4
4149.jpg 2 2 1
4038.jpg 10
2734.jpg 7 11 6 1 1
948.jpg 7 8
3384.jpg 2 4 6 11 2 9
1280.jpg 2 5 1
3047.jpg 10 6
5248.jpg 8 11 4 1 1
2606.jpg 8 9
4722.jpg 2 7
7053.jpg 7 8
1782.jpg 2 5
5787.jpg 10 10
156.jpg 2 1 1
6526.jpg 2 11 2 2
5131.jpg 12 2 5 10
2380.jpg 9 10 1 1
6144.jpg 2 11 4 8
5832.jpg 2 2 3 11 6
4246.jpg 2 2 6
6517.jpg 2 2
5007.jpg 9
7195.jpg 2 11 2 1
1685.jpg 2 4
1448.jpg 10 2
5722.jpg 2 2 8
1937.jpg 4 10
3888.jpg 5 11 9
2302.jpg 10 1
1407.jpg 2 1 11 10
2675.jpg 2 4 10
2069.jpg 2 5 11 5
2258.jpg 5 10
3290.jpg 3 2 1
6063.jpg 9 8
4067.jpg 4
4987.jpg 2 1 11 10
2173.jpg 3 6 11 3
4098.jpg 3
1672.jpg 2 10 11 2
5782.jpg 8 11 2 1 1
67.jpg 5 9 11 6
483.jpg 7 10
1184.jpg 3 7 11 9
3313.jpg 2 9 10
5512.jpg 2 11 6 1
1291.jpg 6 8
2574.jpg 2 7
2417.jpg 2 10
4990.jpg 7 11 4
2970.jpg 2 2
3965.jpg 2 5 11 6
7166.jpg 9 1
1893.jpg 2 6
2149.jpg 2 2
86.jpg 2 5 1
6882.jpg 2 5
1128.jpg 2 5 7
4539.jpg 2 2
6831.jpg 10 11 5
4419.jpg 2 1 11 5
3700.jpg 2 5 11 6
6135.jpg 8 11 3
3795.jpg 3 6
5341.jpg 12 2 4 2
4480.jpg 2 3
3041.jpg 9 5
498.jpg 7 11 8 1 1
2622.jpg 5 3
6398.jpg 8
7376.jpg 2 6 6 11 1 5
1446.jpg 2 3
6775.jpg 2 4
402.jpg 3 1 2
1806.jpg 3 5
7096.jpg 3 6 1
1249.jpg 9 7
3002.jpg 2 5 1
3813.jpg 4 8
3736.jpg 2 3 1
4382.jpg 9 11 3
3847.jpg 3 2 9
1463.jpg 2 11 6 1
3927.jpg 7 5
1743.jpg 10 4
2025.jpg 8 6
2541.jpg 2 2 11 6
3562.jpg 9 2
4183.jpg 2 11 1 3
2385.jpg 2 3 11 6
5716.jpg 10 11 3
2135.jpg 3 3
2965.jpg 2 3 11 2
4424.jpg 3 1 1
419.jpg 2 3 1
4271.jpg 2 8 11 9
5717.jpg 9
7002.jpg 2 2 11 6
356.jpg 5 6
362.jpg 10 11 10
5142.jpg 3
6248.jpg 7 7
5973.jpg 2 1 11 4 1 1
688.jpg 7 11 5
5803.jpg 7
6021.jpg 5 7
2349.jpg 2 3 11 6
1574.jpg 2 2
6648.jpg 3 6 1
5423.jpg 2 5
189.jpg 2 11 3 1
3880.jpg 2
7298.jpg 2 2 9
374.jpg 2 1 6
5640.jpg 9
3763.jpg 10 9 11 6
3359.jpg 2 11 1 5
4170.jpg 5 6
5222.jpg 5 11 2 1 1
6708.jpg 2 4 11 4 1 1
971.jpg 10 8
5419.jpg 2 7 3
3450.jpg 9 11 4 1 1
2879.jpg 5 10
6546.jpg 6
6046.jpg 2 3
7426.jpg 12 2 5 10 11 7 8 6
4708.jpg 2 4
4504.jpg 2 4
5258.jpg 2 3 4 1 1
360.jpg 2 1 1
3662.jpg 4 5
6387.jpg 3 4 1
1162.jpg 2 5 6
541.jpg 4 9
804.jpg 9
2623.jpg 3 4
1976.jpg 2 6 7
2211.jpg 2 1 5
5940.jpg 8 8
7182.jpg 4 10
3386.jpg 3 4 1
3648.jpg 2 4 1
3938.jpg 2 5
3572.jpg 12 2 1 9 11 9 6 6
2808.jpg 3 1
797.jpg 2 1 6
3190.jpg 10
6506.jpg 2 4
7428.jpg 2 2 2
6852.jpg 2 5 5
475.jpg 2 3
2103.jpg 8 11 6
378.jpg 9 7
5351.jpg 5 2
366.jpg 2 11 1 3
4930.jpg 2 3
480.jpg 2 4
6792.jpg 10 11 9
4566.jpg 6 3
390.jpg 2 2
1283.jpg 2 5
1810.jpg 8 11 4
2339.jpg 2 2 6
2878.jpg 2 3 10
6633.jpg 2 8 11 4
1321.jpg 2 3
7427.jpg 12 7 5 11 1 3 4
4185.jpg 7 11 8 1 1
2660.jpg 6 8
1993.jpg 2 1
1832.jpg 7 7
5691.jpg 2 4 1
5843.jpg 3 4 1
2707.jpg 2 6 1
1488.jpg 10 10
7257.jpg 2 1 1
7123.jpg 10 9
2106.jpg 2 11 3 5
3996.jpg 2 2
7175.jpg 2 3 5
1049.jpg 2 3 11 7
3778.jpg 2 3 11 6
582.jpg 7 11 5 1 1
193.jpg 4
5956.jpg 12 8 10
6636.jpg 8
1527.jpg 2 5 1
5710.jpg 10 2
2253.jpg 2 2 1
700.jpg 7 5
3505.jpg 3 2 1
5328.jpg 2 3
6098.jpg 7 8
420.jpg 9 10
5532.jpg 7 11 9
3015.jpg 3 2
926.jpg 8 11 9 1 1
7278.jpg 10 3
6041.jpg 8 11 6
1665.jpg 8 5
6193.jpg 2 2 8
5473.jpg 2 1 1
969.jpg 7 8
849.jpg 2 2 11 8
2948.jpg 2 7 11 8
696.jpg 5 10
2400.jpg 3 6 1
1996.jpg 3 2
2616.jpg 9 9
1437.jpg 10 5
6925.jpg 2 6 6
2805.jpg 9 11 2
84.jpg 2 4
4118.jpg 4 7 11 9 2
5110.jpg 2 4
5765.jpg 8 10
2710.jpg 6 11 10
724.jpg 7 5
1484.jpg 2 1
4810.jpg 7 11 9 6 1
7116.jpg 3 1 10
6053.jpg 8 1
3309.jpg 10 10
175.jpg 2 3 6 1 1
3317.jpg 2 11 4 2
5844.jpg 3 5 1
4367.jpg 7 11 3 1 1
2310.jpg 6 11 2
5941.jpg 4 6
5965.jpg 3 3 1
7192.jpg 3 7
6464.jpg 4
1790.jpg 2 3
716.jpg 6 3
2727.jpg 7 11 6 1 1
537.jpg 5 9
2733.jpg 2 1 11 6
542.jpg 2 3 11 6
3010.jpg 2 3 11 6
6475.jpg 2 11 4 1
4416.jpg 2 1
259.jpg 10 3
6217.jpg 7 4
7082.jpg 2 3
3933.jpg 2 1 2
1476.jpg 7 11 9 1 1
485.jpg 2 4 11 2
3728.jpg 9
2936.jpg 2 6 11 10
986.jpg 10 3
1915.jpg 2 6
1081.jpg 10 5
3012.jpg 12 1 11 1 6 5
3150.jpg 10 8
4337.jpg 2 1 4
673.jpg 5 10
4224.jpg 2 7 11 3
2454.jpg 8 11 2 1 1
617.jpg 2 11 3 10
1164.jpg 7 11 9 1 1
4773.jpg 3 1 1
6585.jpg 2 8 11 3
7223.jpg 5
355.jpg 2 4
1041.jpg 2 2 9
5282.jpg 3 1
4265.jpg 7 8
5140.jpg 8 8
2770.jpg 2 11 6 6
2547.jpg 2 11 5 2
91.jpg 2 1 6
545.jpg 2 7 11 7
1462.jpg 7 6
7342.jpg 5 8
6507.jpg 5 6
3895.jpg 2 2 1 1
5642.jpg 2 2
3482.jpg 2 3 1
426.jpg 8 5
4540.jpg 2 1
1426.jpg 2 1 10
778.jpg 2 4
6261.jpg 2 4
3592.jpg 2 3 6
3158.jpg 2 2 11 7
1099.jpg 10 10
6628.jpg 2 3
122.jpg 2 2
1598.jpg 2 11 5 2
2244.jpg 9 4
2824.jpg 2 3
4802.jpg 9 11 5
6418.jpg 2 6 11 3
2573.jpg 7 11 7 1 1
1628.jpg 5 11 6
6959.jpg 2 3
773.jpg 2 4 6
2437.jpg 3 1
3051.jpg 6 8 1 1
6747.jpg 2 1 11 2
3285.jpg 2 3 11 4
3129.jpg 2 1 11 4
727.jpg 4 4
1258.jpg 6 4
45.jpg 12 10 6
2941.jpg 2 9 11 3
2165.jpg 6 11 8 1 1
6965.jpg 2 5 3
3559.jpg 8 11 5 1 1
3954.jpg 7 11 9 1 1
4206.jpg 2 10
7213.jpg 2 6 6
5039.jpg 3 2
4466.jpg 3 6 1
5452.jpg 7 9
6742.jpg 2 6 1
2521.jpg 9 11 7 1 1
273.jpg 5 9
1624.jpg 7 3
2131.jpg 3 4 1
2051.jpg 2 11 10 6
2261.jpg 2 2 4
613.jpg 2 4
4575.jpg 2 4
7100.jpg 2 10 11 5
4702.jpg 3 5 1
4596.jpg 2 4 11 2
3423.jpg 10 9
275.jpg 2 9 11 4
2897.jpg 7 3
1940.jpg 9 9
6444.jpg 3 1 1
5517.jpg 3 3
3250.jpg 2 3 11 6
6650.jpg 2 9
4434.jpg 2 9
2539.jpg 2 4 8
6124.jpg 8 10 11 6
5115.jpg 2 3
2834.jpg 2 2 11 6
241.jpg 2 6
2661.jpg 8 6
6897.jpg 9 10
525.jpg 2 4
6214.jpg 9 10
3951.jpg 3 6
3943.jpg 10
1522.jpg 2 7
3027.jpg 2 5 1
889.jpg 12 2 10 2
1554.jpg 6 11 4 1 1
1970.jpg 2 4 3
6676.jpg 2 7
3630.jpg 2 1
6520.jpg 8 11 8
4715.jpg 3 4 1
6127.jpg 2 2
5005.jpg 2 3 6
635.jpg 7 3
5465.jpg 2 2
6844.jpg 2 5
2922.jpg 2 4 11 5
6870.jpg 6 9
3794.jpg 3 2 11 4
6767.jpg 9 11 2 1 1
7080.jpg 2 6 6
2427.jpg 8 6
6984.jpg 10 6
3990.jpg 7 9
7449.jpg 12 2 9 9 11 5
4658.jpg 2 4 4
161.jpg 2 3
711.jpg 2 9 9
2645.jpg 2 3
4854.jpg 2 3 11 6
2389.jpg 10 11 3
6874.jpg 2 5
3878.jpg 8 9
4857.jpg 2 5
6241.jpg 2 6 4
7459.jpg 10
3037.jpg 10 11 8
6883.jpg 7 8 11 7
4174.jpg 2 2 6
184.jpg 2 4 11 6 1 1
4661.jpg 8 11 6 1 1
1856.jpg 2 2 6
988.jpg 6 11 7 1 1
2094.jpg 7 3
1239.jpg 8
508.jpg 2 4
2692.jpg 2 6 1
5546.jpg 2 4
2587.jpg 2 3 1
3055.jpg 2 3 7
326.jpg 8
4941.jpg 2 3 11 8
1359.jpg 2 3 10 1 1
6892.jpg 2 6 2
1028.jpg 2 2
760.jpg 9 7 1 1
9.jpg 2 11 3 1
38.jpg 2 4 11 5 1 1
7443.jpg 12 8 2 10 5
5458.jpg 3 2 1
860.jpg 2 3 6
2729.jpg 2 4 1
5214.jpg 3 2 4
7186.jpg 2 1 6
2850.jpg 2 1 11 5
4008.jpg 2 5 8
1888.jpg 2 6 6
6149.jpg 7 11 10 6 1
1663.jpg 12 2 2 7 11 5
3972.jpg 6 5
6808.jpg 2 2 4
1842.jpg 2 1
7266.jpg 2 2 2
5749.jpg 9 5
3476.jpg 2 7 11 9
588.jpg 2 5 1
1454.jpg 2 11 5 4
5348.jpg 2 4
915.jpg 9 4
4414.jpg 2 4
3584.jpg 8 11 4
3636.jpg 2 2 11 10
6229.jpg 9 1
322.jpg 8 8 11 6
4918.jpg 2 2 4
3967.jpg 3 3
6557.jpg 9 6
5212.jpg 9 4 11 6
7354.jpg 2 5 6
7120.jpg 2 11 6 6
5861.jpg 3 9
3772.jpg 2 3 11 8
4964.jpg 3 1 2
2286.jpg 10 9
5304.jpg 4 5
75.jpg 10
3916.jpg 2 2
7307.jpg 4 3
5658.jpg 9 11 6 1 1
3380.jpg 7 11 3 1 1
5196.jpg 2 1 10
2154.jpg 2 3
5299.jpg 2 2 1
514.jpg 7 10
6265.jpg 2 3
690.jpg 3 1
4846.jpg 2 5
2700.jpg 2 3 11 6
579.jpg 2 3 9
258.jpg 9 7
3917.jpg 12 4 10 11 6
5788.jpg 2 3
7151.jpg 2 1 10
6.jpg 9 7
473.jpg 4
7272.jpg 2 2
2524.jpg 2 3 1
192.jpg 5 11 5
5317.jpg 2 4 11 7
1356.jpg 2 4
3138.jpg 9 7
5573.jpg 3 1 1
803.jpg 2 6
3695.jpg 7 10
1627.jpg 7 8
5224.jpg 2 4 11 6
6268.jpg 2 2
3494.jpg 2 5
4753.jpg 8 11 8
7462.jpg 2 6 4 11 1 8
305.jpg 9 1
6716.jpg 4 3
7258.jpg 2 1 8
3113.jpg 4 8
5906.jpg 2 2 11 8
6752.jpg 2 3 11 6
3211.jpg 10 9
3020.jpg 8 5 11 6 1 1
4251.jpg 8 1
6567.jpg 5 7
599.jpg 2 4
1585.jpg 8 9
2438.jpg 7 11 8 1 1
383.jpg 2 4 7
5398.jpg 8
3757.jpg 9 3
6535.jpg 8 11 4 1 1
4090.jpg 3 3 1
6976.jpg 2 5
2412.jpg 2 4
4913.jpg 2 7 11 9
6106.jpg 2 11 6 6
7205.jpg 8 4
7271.jpg 2 4 10
3137.jpg 2 4
158.jpg 2 6 1
1208.jpg 9 8
5868.jpg 10
4305.jpg 8
474.jpg 9 2
3336.jpg 3 6
5994.jpg 9 11 6 1 1
7476.jpg 2 6 1 11 1 3
4626.jpg 2 6 11 6
2150.jpg 2 1 5
1823.jpg 2 5 5
7356.jpg 8 1
7324.jpg 10 8
5375.jpg 2 7 11 9
4549.jpg 3 5 1
1770.jpg 6 11 7 1 1
6519.jpg 5 11 10
6480.jpg 3 7
7486.jpg 12 3 2 11 10 10
187.jpg 10 9
5669.jpg 2 3
2082.jpg 2 11 2 3
4355.jpg 3 4
2121.jpg 2 1 11 3 1
7381.jpg 12 2 10 1
959.jpg 2 1 5
6910.jpg 9 3
4749.jpg 2 4 1 1
527.jpg 2 1 10 11 6
7315.jpg 4
503.jpg 2 3
2875.jpg 5 4 11 6
1394.jpg 2 1 11 6 1 1
4052.jpg 2 1
1077.jpg 2 4
2191.jpg 2 1
4651.jpg 2 2 2
6027.jpg 9 11 3
4427.jpg 2 4 11 3 1 1
4876.jpg 2 2 11 6
2.jpg 2 9
5930.jpg 8 6
6179.jpg 9
7384.jpg 2 2 7 11 6 5
6350.jpg 3 1
3760.jpg 8 5
1958.jpg 2 3
4836.jpg 2 5 8
2027.jpg 9 4
4133.jpg 2 4
6953.jpg 2 11 5 10
486.jpg 2 5 7
1206.jpg 7 6
6735.jpg 2 3 1
7466.jpg 12 2 5 5
2312.jpg 10 11 8
1567.jpg 4 1
4134.jpg 10 1
1165.jpg 2 3 8
1816.jpg 2 9
3169.jpg 6 2
263.jpg 6
3000.jpg 2 3 10
7305.jpg 8 9
5016.jpg 2 1 3
3799.jpg 10 5
6921.jpg 3 5
2839.jpg 2 5 10 1 1
57.jpg 8 2
6931.jpg 6 6 11 1 1
5743.jpg 6 10
2141.jpg 2 4
3100.jpg 2 6 11 7
2285.jpg 8 11 6 1 1
3186.jpg 10 10
5352.jpg 3 2
2350.jpg 2 6 1
2654.jpg 2 5 1
3628.jpg 7 9
5274.jpg 2 3 1
5064.jpg 2 11 2 3
5808.jpg 2 4 4
4865.jpg 2 3 5
10.jpg 9 8
6320.jpg 2 1 11 8
341.jpg 2 2
5603.jpg 2 1 11 6
7465.jpg 5 11 10 8
2403.jpg 6 8
2360.jpg 2 11 1 3
1402.jpg 2 4
3322.jpg 2 4
1969.jpg 2 2
6871.jpg 8 11 4 1 1
980.jpg 9 9 11 5
6286.jpg 8 11 6 1 1
4885.jpg 2 5
274.jpg 8 11 10
3090.jpg 2 4 11 3
1116.jpg 12 10
2651.jpg 9
815.jpg 2 9 11 10
2617.jpg 7 5
3642.jpg 4 6
6328.jpg 7 11 7 1 1
4943.jpg 8 11 8
4526.jpg 2 1 4
4190.jpg 8 2
809.jpg 2 4 11 6
2048.jpg 2 3 6
1654.jpg 2 6 6
3891.jpg 4 2
1194.jpg 9 12
2273.jpg 2 5 6
4061.jpg 8 11 8 6 1
6410.jpg 3 5 1
208.jpg 2 5 9
2300.jpg 6
6952.jpg 2 4 1
1147.jpg 2 7 11 2 1 1
1837.jpg 4 10
301.jpg 3 3
447.jpg 2 4 1
5437.jpg 2 6 2
2490.jpg 3 3
6664.jpg 2 5
783.jpg 2 6 5
6786.jpg 7 6
1612.jpg 9 7
4325.jpg 2 2 6
1480.jpg 2 2
1858.jpg 2 3 4
6175.jpg 8 11 1 1
4641.jpg 2 3
1384.jpg 8 6
1999.jpg 3 3 1
1223.jpg 9 4 11 6
7026.jpg 5 4
1416.jpg 9 11 6
1872.jpg 9 11 4 1 1
4057.jpg 2 10
6856.jpg 7 7
3733.jpg 2 2 11 6
3707.jpg 2 6 11 4
4055.jpg 2 3 10
4322.jpg 7 9
7369.jpg 12 2 6 10
416.jpg 9 8
6488.jpg 2 2 11 9
1962.jpg 6 11 4
4853.jpg 6 9
7247.jpg 5 5
2835.jpg 9 4
3232.jpg 3 3 11 6
4573.jpg 10 7 11 6
3703.jpg 2 10
2656.jpg 2 9
461.jpg 10 3
2484.jpg 8 4
6902.jpg 2 2 11 4
3073.jpg 3 3
4608.jpg 8 4
6341.jpg 2 1 5
945.jpg 2 5 9
4143.jpg 2 9
4548.jpg 8 9
931.jpg 10 11 7
4043.jpg 2 7 11 2
6394.jpg 8 5
2130.jpg 2 5 5
2993.jpg 2 5 1
5714.jpg 10 10
4489.jpg 9 5
2898.jpg 2 6
577.jpg 4 7
6020.jpg 2 4 1
994.jpg 2 7 11 6
418.jpg 10 11 10
4673.jpg 1 7
643.jpg 8 11 6 1 1
3526.jpg 10 9
4993.jpg 7 11 5 1 1
2270.jpg 2 3 1 1
3343.jpg 2 3 8
15.jpg 2 3 11 2
5775.jpg 2 5 2
5550.jpg 2 8 9 1 1
1828.jpg 2 3 3
2535.jpg 2 4 1
6349.jpg 2 1 2 1 1
1009.jpg 10 3
5052.jpg 9 1
5441.jpg 10
1608.jpg 7
2434.jpg 2 8
1882.jpg 9 7
6314.jpg 5 10
2277.jpg 2 1 11 5
6337.jpg 3 1 11 3
4318.jpg 2 9 10
2967.jpg 2 2 11 9
5670.jpg 7
6147.jpg 8 11 8 1 1
2868.jpg 2 11 2 10
3826.jpg 2 8
5534.jpg 2 1 5
1741.jpg 2 4
592.jpg 5 6
3372.jpg 3 1 1
762.jpg 2 11 1 10
1383.jpg 2 5 7
6140.jpg 3 3 1
3918.jpg 10 11 2 1 1
1740.jpg 2 4 11 6 1 1
5413.jpg 3 7
6817.jpg 12 2 11 4 10 5
6096.jpg 2 6
1758.jpg 3 5
615.jpg 2 3 2 11 10 6
2256.jpg 10 8
598.jpg 3 2 6
5671.jpg 8 11 7 1 1
656.jpg 10 7 1 1
5817.jpg 9 11 10
6121.jpg 8 4
440.jpg 2 11 5 10
3269.jpg 8 11 8
4390.jpg 3 2 11 6 1 1
1710.jpg 2 3 11 6
3863.jpg 10 11 9 1 1
6484.jpg 9 11 6 1 1
2974.jpg 2 2 11 4
7103.jpg 3 2 1
6858.jpg 3 6
3774.jpg 2 3 2
7254.jpg 2 6
6363.jpg 2 2 6
3571.jpg 8 11 9 1 1
1012.jpg 2 2 11 4
6479.jpg 2 3
3001.jpg 2 7
3768.jpg 10 6
3379.jpg 12 3 3 11 4 4
6213.jpg 8 5
3761.jpg 3 1 1
2356.jpg 2 2 11 6
2689.jpg 8
228.jpg 3 1 1
3741.jpg 7 10
2512.jpg 2 5 2 11 6 6
422.jpg 2 3
5445.jpg 3 2 3
5542.jpg 2 6 4
5557.jpg 4 9
1593.jpg 3 1 4
6184.jpg 2 6
519.jpg 8 10
1490.jpg 3 1 11 6
1562.jpg 2 3 11 7
2283.jpg 7 11 5
805.jpg 2 3 11 6
5370.jpg 10 11 2 1 1
5996.jpg 2 4 5
5690.jpg 2 7
4881.jpg 2 11 6 4
1526.jpg 2 4 11 6
1343.jpg 7 11 5
3775.jpg 2 3 10
6678.jpg 8 11 2 1 1
3506.jpg 3 2 6
6996.jpg 2 2 11 6
5530.jpg 3 8 1
1963.jpg 2 1 11 6
1282.jpg 2 2 8
861.jpg 2 2 4
349.jpg 2 1 5 1 1
6279.jpg 7 7 11 6
5704.jpg 2 1 8
1153.jpg 6 11 10 1 1
2399.jpg 8 1 11 8
1399.jpg 2 4 3
3311.jpg 2 3 11 2
6322.jpg 10 11 6
2687.jpg 2 3
6671.jpg 2 3
5948.jpg 2 1 1
3052.jpg 2 4 3
5720.jpg 2 11 6 1
4767.jpg 4 3
3203.jpg 8 11 3 1 1
6176.jpg 7 11 6 1 1
1900.jpg 10 8
706.jpg 2 3
2227.jpg 2 10 8
2105.jpg 7
5684.jpg 2 2 10
2371.jpg 4 2 11 9
1240.jpg 2 2 11 10
5854.jpg 3 1 2
5611.jpg 2 4
3434.jpg 7 11 3
7416.jpg 12 8 1
7437.jpg 10 11 5 4
1831.jpg 2 3 1
513.jpg 2 1 1
2804.jpg 4 3
4568.jpg 2 6 6
1521.jpg 6 10
3747.jpg 2 9
3156.jpg 2 10 11 2
1697.jpg 2 9 11 5
7275.jpg 9 8
7402.jpg 12 2 10 10 11 6 8
2716.jpg 1 10
4345.jpg 2 1 11 1 1
975.jpg 3 1 1
5589.jpg 2 2 1
3819.jpg 5 2
4180.jpg 7 4
3558.jpg 5 5
739.jpg 2 10
4894.jpg 9 2
3198.jpg 4 9
1403.jpg 2 5 3
639.jpg 10 11 7 1 1
3713.jpg 2 7 11 6
3244.jpg 2 6
730.jpg 2 3
153.jpg 5 5
3637.jpg 2 3
5225.jpg 5 3
6269.jpg 7 8
5814.jpg 2 4 1
2041.jpg 10 8
1903.jpg 2 4 7
2826.jpg 7 10
1644.jpg 10 7
745.jpg 2 7 4
1428.jpg 5 4
6823.jpg 2 1 1
3833.jpg 8 8 1 1
3669.jpg 2 5
181.jpg 6 11 8 1 1
4013.jpg 2 2 3
3274.jpg 8 9
277.jpg 8 11 5 1 1
1086.jpg 7
5194.jpg 8 2
1137.jpg 2 4 11 8
1022.jpg 2 3 7
4111.jpg 2 11 4 1
1395.jpg 8 11 3 1 1
6732.jpg 2 4
1253.jpg 9
832.jpg 2 3 11 6
944.jpg 2 3 9
5655.jpg 10
1288.jpg 3 5 1
5281.jpg 12 2 5 5 11 8
2533.jpg 2 2 11 8
130.jpg 3 2 4
5186.jpg 10 5
2332.jpg 2 4
2799.jpg 7 11 7
3522.jpg 3 2 1
294.jpg 6 8
7435.jpg 2 2 6
5784.jpg 2 5 1
4058.jpg 2 4
3804.jpg 10 7
4285.jpg 10 11 9 1 1
199.jpg 2 5 11 5
1519.jpg 2 3 11 6
7170.jpg 9 8 11 6
448.jpg 12 2 7 2
113.jpg 2 6 2
3597.jpg 8 3
4159.jpg 6 11 7 1 1
59.jpg 7 7
1037.jpg 2 3 11 6
6459.jpg 10
2766.jpg 9 4
6157.jpg 3 1 9
3197.jpg 2 1
6772.jpg 2 8
3753.jpg 2 1
55.jpg 5 10
841.jpg 2 1
1939.jpg 10 5
5739.jpg 2 1 1
5177.jpg 6 11 9 1 1
1838.jpg 2 3 6
4669.jpg 3 5 6
7256.jpg 2 9
2825.jpg 2 3
6977.jpg 6 6
3748.jpg 2 3
7101.jpg 2 1
4238.jpg 2 2
92.jpg 2 9 11 5
5123.jpg 8 1
3357.jpg 2 2 2
5935.jpg 2 3 11 6 1 1
6456.jpg 2 1
1040.jpg 3 2 11 7
4307.jpg 9 6
5143.jpg 2 3 11 6
2986.jpg 2 3
2252.jpg 8 1 11 6
284.jpg 3 4
1046.jpg 8 6
5121.jpg 8 5
6477.jpg 3 7
2084.jpg 2 1 8
2251.jpg 2 2
5793.jpg 4 11 6 1 1
377.jpg 6 4 11 6
1169.jpg 7 3
573.jpg 2 5 9
3731.jpg 2 1 11 2
5404.jpg 10 2
5310.jpg 2 4
6422.jpg 2 4 1
5083.jpg 5
2827.jpg 2 5
1244.jpg 6 4
4258.jpg 2 5 10 1 1
6437.jpg 2 1
5082.jpg 2 4
6225.jpg 2 3
2240.jpg 2 4 11 3
4447.jpg 6 4
4985.jpg 2 6 4
6770.jpg 2 1 11 3 1 1
4545.jpg 2 4 2
645.jpg 9 11 2
5484.jpg 9 1 11 5 8
1862.jpg 2 9 11 5
4455.jpg 2 4 1
85.jpg 2 3 3
5474.jpg 3 3 7
3352.jpg 2 2 11 9
4961.jpg 7 11 9 1 1
7348.jpg 2 4 9
1151.jpg 7 10
1192.jpg 3 1
7092.jpg 2 6
1723.jpg 2 4
7390.jpg 2 5 4 11 3 5
2949.jpg 8 11 10 1 1
651.jpg 3 1 1
1769.jpg 4 8 11 5 1 1
5237.jpg 2 3 11 6
7032.jpg 10 3
6081.jpg 2 7 11 3
3978.jpg 8 11 8 1 1
1560.jpg 8 11 7
1371.jpg 2 2 10
3063.jpg 2 2
4729.jpg 4 10
6115.jpg 2 1 7 11 6
2857.jpg 2 5 5
1696.jpg 2 6 1
23.jpg 6 11 4
1729.jpg 10 10
674.jpg 2 5
5130.jpg 3 1 1
6233.jpg 2 6 11 6
6524.jpg 2 2
1440.jpg 5 4
590.jpg 10
725.jpg 9 4
3699.jpg 12 4 5 11 3 5
4905.jpg 5 8
7155.jpg 2 6
1121.jpg 2 7
3875.jpg 2 1 10
6669.jpg 2 6 1
7477.jpg 5 7 11 7 7
3195.jpg 2 11 6 6
4831.jpg 10 10
2318.jpg 2 4
5339.jpg 2 4 1
1986.jpg 3 2 4
4249.jpg 2 2 11 6
7357.jpg 2 4 1
4707.jpg 2 5 4
495.jpg 2 5 5
169.jpg 2 3 11 6
2264.jpg 2 1
2852.jpg 2 3 11 6
3830.jpg 8 1
6300.jpg 2 4 6
3377.jpg 10 1
3165.jpg 2 3 9
2267.jpg 2 1 11 2
3267.jpg 6 11 5 1 1
2404.jpg 2 2 11 6
2013.jpg 2 7 11 3
2840.jpg 2 3 6
3065.jpg 2 3 6
2357.jpg 2 5
317.jpg 2 6 5
1493.jpg 2 3 5
713.jpg 5 11 1 1
2932.jpg 2 1
235.jpg 2 3
5555.jpg 9 11 3 1 1
1364.jpg 3 4 1
5495.jpg 2 5 1
6804.jpg 2 3
625.jpg 7 11 9 1 1
5925.jpg 2 6 6
5923.jpg 2 3 10
3276.jpg 2 3 9
2854.jpg 2 1
4219.jpg 3 1 1
2225.jpg 8 8
5850.jpg 10 8
767.jpg 8 5
3246.jpg 9 11 2 1 1
5620.jpg 2 4 11 9
2446.jpg 2 4 8
1669.jpg 2 4 10
6784.jpg 8 3
6165.jpg 5 7
4543.jpg 2 2 11 6
2213.jpg 2 1
1637.jpg 2 3
6908.jpg 7 9
2751.jpg 7 6 11 6
5755.jpg 2 6
1778.jpg 8 11 9
6865.jpg 10 6
6715.jpg 3 1 4
5071.jpg 7 1
3866.jpg 10
671.jpg 2 5
5425.jpg 9 3
5073.jpg 2 1 1 11 3 5
3416.jpg 12 2 8 2
3831.jpg 5 4
4893.jpg 4 7 1 1
222.jpg 2 6 2
6554.jpg 2 11 4 1
1553.jpg 8
5340.jpg 2 9
5997.jpg 2 5 6
3411.jpg 2 11 2 1
4234.jpg 10 9
4879.jpg 10 10
7094.jpg 8 6
81.jpg 8 6 8 1
2416.jpg 3 2
5761.jpg 2 3
5527.jpg 2 5
4069.jpg 2 3
1263.jpg 10 5
1528.jpg 8 1
5874.jpg 9 8
6367.jpg 7 2
3172.jpg 8 2
1676.jpg 6 8
2653.jpg 3 1
5509.jpg 2 3 7
6086.jpg 5 3
1510.jpg 2 4
2138.jpg 6 11 2 1 1
7086.jpg 2 2 1
2204.jpg 2 3 3
88.jpg 7 6
1425.jpg 7 5
3061.jpg 8 11 4 1 1
744.jpg 7 8
2311.jpg 2 4 1
7009.jpg 2 5
504.jpg 2 4
5017.jpg 10 1 1
3647.jpg 2 2 6
7194.jpg 8 3
7097.jpg 2 11 5 1
4123.jpg 10 1
407.jpg 9
1532.jpg 8 11 3 1 1
1431.jpg 8 11 7
3740.jpg 2 3 11 1
6668.jpg 2 5 1
464.jpg 7 11 6
1796.jpg 8 1
4371.jpg 2 5 9
3301.jpg 4 10
6537.jpg 2 2 4
4971.jpg 2 3
409.jpg 2 4 11 6
4859.jpg 5 11 1 1
6948.jpg 2 6
5208.jpg 8 6
1998.jpg 2 3 11 6
429.jpg 2 1 10
5497.jpg 8 3
756.jpg 2 6
4215.jpg 2 6
5806.jpg 2 5 1 1
3666.jpg 2 2 8
5804.jpg 9 9
5228.jpg 3 7
6066.jpg 8
4902.jpg 5 8
3050.jpg 2 4 1
3399.jpg 4 2
3224.jpg 2 4
4117.jpg 2 8
2241.jpg 2 9 11 7
1311.jpg 2 2 11 6
6707.jpg 3 4
6696.jpg 2 5 1
6760.jpg 2 4 11 3
2559.jpg 10 7
2468.jpg 2 2
206.jpg 6 11 8 1 1
2047.jpg 2 3
4011.jpg 7 3
247.jpg 7 8
1094.jpg 2 1
4601.jpg 7 11 9
6403.jpg 2 1 3
4959.jpg 10 10
7235.jpg 2 4 2
2368.jpg 2 2 1
3121.jpg 7 3
2140.jpg 7 11 4 1 1
1653.jpg 2 6
4293.jpg 2 3
772.jpg 8 1
476.jpg 8 9
7418.jpg 12 2 4 4
166.jpg 2 6
5912.jpg 9 8
1836.jpg 2 2
554.jpg 2 11 2 2
2904.jpg 3 1 11 6
5963.jpg 2 4
5510.jpg 2 3 11 4
5981.jpg 8 11 7 1 1
2148.jpg 6 11 7
401.jpg 2 2 1
5544.jpg 2 3 11 10
8.jpg 8 5
5453.jpg 7 9
5030.jpg 2 9
5551.jpg 2 7 11 2
2289.jpg 2 3 11 6
6307.jpg 2 9 11 5
6709.jpg 6 6 11 1 1
4146.jpg 2 6 11 5
6330.jpg 2 9 11 6
323.jpg 2 4 11 6
484.jpg 2 8
1728.jpg 8 11 9
5239.jpg 2 1 11 5
1942.jpg 8 11 4 1 1
7255.jpg 3 9
585.jpg 7 4
3513.jpg 9 11 8
4007.jpg 3 7
3200.jpg 2 11 3 1
1023.jpg 2 2
2621.jpg 2 11 4 9
2274.jpg 2 5
4727.jpg 10 6 11 7
7180.jpg 5 1
3086.jpg 2 3
6993.jpg 7 11 2 1 1
5878.jpg 2 7 11 3 1 1
5752.jpg 5 1 11 4 1
6640.jpg 4 4
2866.jpg 2 4 11 5 1 1
1730.jpg 2 5 2
4719.jpg 6 8
647.jpg 6 11 4 1 1
6681.jpg 10 8
50.jpg 2 3
2589.jpg 8 10
5144.jpg 10 11 8
591.jpg 9 3
7242.jpg 3 5
108.jpg 7 8
6624.jpg 2 6
315.jpg 10 8
2508.jpg 2 8 8
3514.jpg 9
2351.jpg 2 4
4514.jpg 2 4 4
6441.jpg 2 1 11 4 1 1
1647.jpg 2 10 8
7397.jpg 5 6
5047.jpg 2 3
2475.jpg 2 2
1053.jpg 12 2 9 8 11 3 7 8
1819.jpg 2 1
4875.jpg 2 10
6966.jpg 4 4
2968.jpg 3 3
2961.jpg 2 11 6 6
5900.jpg 8 1
6675.jpg 2 11 6 1
414.jpg 2 2 2
3088.jpg 8 1 11 6
6442.jpg 3 2
1229.jpg 2 4 5
4800.jpg 6 7
2554.jpg 6 11 2 1 1
6152.jpg 2 4 11 6 1 1
4014.jpg 8 11 2 1 1
5150.jpg 7 4
3332.jpg 2 11 6 9
3825.jpg 2 3
22.jpg 2 3
4646.jpg 6 7
5727.jpg 2 6 6
3023.jpg 2 5 6
5211.jpg 2 3 11 6
1704.jpg 2 6 11 4
2160.jpg 2 4 1
4300.jpg 2 4
237.jpg 2 3 11 6
3472.jpg 3 3
2764.jpg 3 9
2235.jpg 7 11 8 1 1
7015.jpg 2 3 1
3080.jpg 7 7
4150.jpg 2 4 11 5
6189.jpg 3 1 7
728.jpg 2 3 9
1949.jpg 7
4872.jpg 10 11 9
3418.jpg 10
2582.jpg 2 4 11 2 6
3898.jpg 6 2
3365.jpg 4 2
6963.jpg 2 4 5
5903.jpg 2 4
126.jpg 2 3
5265.jpg 9 11 7 1 1
5245.jpg 2 2
269.jpg 2 3 4
3585.jpg 2 4 11 6
3284.jpg 2 2
4197.jpg 4 9
4022.jpg 7 3
4991.jpg 8 11 6 1 1
7105.jpg 3 8
6825.jpg 2 4 11 6
2316.jpg 7 5
6867.jpg 9 9
7251.jpg 9 1
3659.jpg 2 6
6091.jpg 2 5 11 3
5477.jpg 2 11 6 8
4711.jpg 7 8
4787.jpg 2 6 7
2603.jpg 2 3 11 6
4614.jpg 9 4
7121.jpg 2 3
133.jpg 2 8 6 1 1
6553.jpg 2 2
1486.jpg 2 1 10
4006.jpg 2 5 1
1301.jpg 2 4 1
4678.jpg 2 11 6 6
2885.jpg 6 11 2
314.jpg 2 4
678.jpg 2 2
1918.jpg 2 6 1
1003.jpg 5 8
3278.jpg 2 4
3220.jpg 2 2 8 11 6
2137.jpg 2 5
2877.jpg 2 11 6
3589.jpg 2 2 1
6455.jpg 2 3
7202.jpg 2 2 4
320.jpg 9 8
4370.jpg 2 5
3530.jpg 2 1 4
1451.jpg 2 4 7
712.jpg 1 7
4564.jpg 9 5 1 1
1380.jpg 2 3 11 6
7136.jpg 3 2
906.jpg 2 6 7
800.jpg 2 11 5 2
7228.jpg 2 3 9
2451.jpg 2 3 6
2979.jpg 3 2 11 7
2838.jpg 9 1
5138.jpg 3 1 4
4164.jpg 2 5
4340.jpg 2 2
3903.jpg 8 11 4 1 1
6401.jpg 10 2
6814.jpg 2 1 11 5
2104.jpg 2 9 11 6
4685.jpg 3 3 11 5
3802.jpg 7 3
1358.jpg 5 6
3717.jpg 2 3 11 2
3594.jpg 2 3 11 2
978.jpg 3 1 8 1 1
2346.jpg 5 4
5746.jpg 10 6
2397.jpg 10 2
1408.jpg 8 5
3424.jpg 2 2 7 11 6
6604.jpg 9 3
3155.jpg 2 1 5
1959.jpg 2 3 11 2
1115.jpg 9 7
4237.jpg 3 5 1
2208.jpg 2 2 7
5692.jpg 9 4
3030.jpg 2 4
3179.jpg 5 2
5971.jpg 3 3 11 7
6296.jpg 3 7
6271.jpg 9 1
993.jpg 10 11 4 1 1
4574.jpg 5 6
3843.jpg 2 3 6
5828.jpg 3 9
4815.jpg 2 5 5
7290.jpg 2 3 4
1884.jpg 2 2 4
5402.jpg 10 11 2
4970.jpg 2 1 6
2697.jpg 7 5
5576.jpg 2 9 11 3
3557.jpg 8 2
5308.jpg 5
3071.jpg 2 1 3
5848.jpg 2 1
1335.jpg 10 3
3879.jpg 3 2 11 8
5327.jpg 6 6
359.jpg 9 4
1.jpg 10 8
3389.jpg 9 9 1 1
2233.jpg 2 5 2
6028.jpg 2 5 1
4605.jpg 2 2 1
6589.jpg 9 6
4975.jpg 2 6 4
3680.jpg 9 3 1 1
2576.jpg 8 11 9
1076.jpg 2 3 7
3542.jpg 2 6 1
2265.jpg 8 1
1072.jpg 10 3
1492.jpg 2 6
4999.jpg 2 2 11 6
4460.jpg 2 3 6
6256.jpg 2 4 1
5355.jpg 3 1
5195.jpg 2 1 5
2178.jpg 2 5 11 9
4430.jpg 5 8
5103.jpg 4 9
335.jpg 7
5178.jpg 2 2 3
6340.jpg 5 9
650.jpg 8 1
5536.jpg 8 3 11 6
834.jpg 7 8
2078.jpg 2 1 7
6460.jpg 7 11 4
5744.jpg 2 2 1
4195.jpg 7 11 6 1 1
1870.jpg 2 3 11 6
5213.jpg 2 3 4
3818.jpg 9 10
3444.jpg 8 11 8 1 1
5648.jpg 3 5
6336.jpg 9 6
214.jpg 8 11 4 1 1
382.jpg 7 8
1209.jpg 10 5
4417.jpg 2 1 9 11 6
1705.jpg 2 4 11 6
413.jpg 2 2
7001.jpg 7 11 4
1027.jpg 2 1 10
4841.jpg 9 11 3
1933.jpg 5
2619.jpg 3 5 6
5813.jpg 2 4
2673.jpg 2 3 11 6
7331.jpg 6 8
4347.jpg 9
2760.jpg 3 1 1
5771.jpg 2 3
1450.jpg 2 2 11 9
5730.jpg 2 5 10
6934.jpg 2 2
367.jpg 3 1 1
4778.jpg 2 4
5060.jpg 2 2 1
510.jpg 2 5 6
5160.jpg 2 2
4017.jpg 9
4653.jpg 2 3
5950.jpg 2 9
1901.jpg 12 5 1 11 9 7
4806.jpg 2 3
95.jpg 2 4
4954.jpg 8
6785.jpg 2 3
112.jpg 2 3 6
5006.jpg 3 3
5682.jpg 10 4
1930.jpg 8 10
3085.jpg 2 4
2724.jpg 2 1 11 8
2731.jpg 2 4 2
539.jpg 2 4 11 2
6749.jpg 2 1
146.jpg 2 9 3 1 1
5335.jpg 6 7
1386.jpg 7 3
5113.jpg 2 3
1176.jpg 7
3370.jpg 8 11 9 1 1
2709.jpg 2 2 1
4668.jpg 2 7
871.jpg 2 2 1
2181.jpg 10 2 11 3
5825.jpg 9
129.jpg 3 8
5513.jpg 3 1 2
5429.jpg 2 2 11 6
4742.jpg 8 6
1259.jpg 10
1304.jpg 2 5 9
6957.jpg 2 1 5 11 6
5180.jpg 3 3 1
5870.jpg 8 1
1774.jpg 2 2 1
6935.jpg 2 2 3
4253.jpg 9 8
679.jpg 10 5
3348.jpg 2 3 10
7470.jpg 12 2 2 10
2772.jpg 9 11 3
1715.jpg 10 11 10
3241.jpg 7 6
2532.jpg 2 3
2330.jpg 2 1 11 2 1 1
4338.jpg 9 11 6
6522.jpg 2 7 11 8
5699.jpg 7 7
3430.jpg 2 6 5
2223.jpg 7 9
4368.jpg 2 3 1
1197.jpg 2 6
7480.jpg 12 2 8 1 11 6
6072.jpg 2 6 4
2331.jpg 6 8
2297.jpg 2 11 1 4
348.jpg 2
295.jpg 9 8
558.jpg 9 1 11 9 10
3553.jpg 8
3235.jpg 2 2
2742.jpg 2 11 2 3
3932.jpg 8 11 2 1 1
3361.jpg 2 3 11 6
4982.jpg 7 3
6461.jpg 2 3 1
6118.jpg 2 11 5 9
636.jpg 2 3
2464.jpg 2 11 1 10
6531.jpg 2 1 1
5364.jpg 9 4
2613.jpg 2 2 9
6009.jpg 2 6 6
1177.jpg 3 3
1834.jpg 2 4 11 3
1333.jpg 2 1 8
2338.jpg 4 6
2477.jpg 3 4 1
3323.jpg 2 1
7326.jpg 5 3
6049.jpg 7 8
4587.jpg 8 11 8 1 1
5621.jpg 2 5 1
1941.jpg 2 5
4979.jpg 2 11 4
5988.jpg 2 1 1
6496.jpg 3 2 1
5562.jpg 7 3
1489.jpg 2 3 7
1785.jpg 2 3 11 8
3375.jpg 2 3
2737.jpg 2 1 11 10
1849.jpg 3 6 1
7004.jpg 10 1
552.jpg 10 2
1948.jpg 2 4 11 4
6919.jpg 2 3 1
7360.jpg 12 2 2 3 11 1
2245.jpg 2 3 7 1 1
4944.jpg 10
869.jpg 3 5 6
185.jpg 2 3 1
3003.jpg 2 5 1
3730.jpg 8
5772.jpg 8 11 2 1 1
6930.jpg 6 3
5984.jpg 10 11 9
4824.jpg 2 2 2
1742.jpg 2 5
1584.jpg 2 1 1 11 6
721.jpg 7 9 11 2 1 1
5943.jpg 9
1725.jpg 2 1 4
3031.jpg 4 2
1590.jpg 7 6
3191.jpg 3 7 1
6126.jpg 2 2
4992.jpg 2 6
6820.jpg 2 2
3890.jpg 2 5
2768.jpg 6 11 9 1 1
4241.jpg 5 6
5847.jpg 1 3
7099.jpg 2 11 2 1
58.jpg 9 4
3512.jpg 7 6 11 6
3937.jpg 2 2
7484.jpg 2 7 3
1897.jpg 2 5
5122.jpg 2 1 11 6 1 1
6596.jpg 9 9 11 5
758.jpg 8
2848.jpg 2 5
3157.jpg 2 3 11 10
5391.jpg 10 11 7
1841.jpg 2 1 7
4328.jpg 2 2
7429.jpg 12 2 9 10
6377.jpg 2 3
6155.jpg 4 2
5171.jpg 5 9
1896.jpg 4 7
862.jpg 2 2 10
2087.jpg 2 4
4242.jpg 2 5
5038.jpg 6 9
1171.jpg 2 11 5 10
1213.jpg 2 11 1 10
5098.jpg 10 6
7496.jpg 12 5 5
6986.jpg 7 11 6 1 1
6787.jpg 10 3
3319.jpg 2 6 3
1007.jpg 2 9
39.jpg 7 11 5 1 1
3675.jpg 2 10
4303.jpg 2 3
302.jpg 2 3
6719.jpg 12 2 4 8
2615.jpg 10 11 5
7336.jpg 2 5 8
492.jpg 2 1 8
7313.jpg 6 1
4510.jpg 2 5 1
1577.jpg 2 10 11 7
5280.jpg 2 3
3829.jpg 4 2
4677.jpg 8 11 8 1 1
5227.jpg 10 4
1289.jpg 2 1
6647.jpg 8 2
3977.jpg 2 5 11 5
255.jpg 2 1 11 8
2247.jpg 2 11 1 3
3945.jpg 5 1
5238.jpg 6 11 8
4586.jpg 8 1
7440.jpg 2 6 3 11 8 5
385.jpg 9 4
4024.jpg 7 11 3 1 1
2641.jpg 2 1 7
5176.jpg 2 6 11 3
6755.jpg 9 7
3485.jpg 9 7
2231.jpg 2 3 1
3470.jpg 8 10
3697.jpg 2 3
4638.jpg 9 10
4010.jpg 7 7
3187.jpg 10 10
4697.jpg 7 2 11 3
5242.jpg 5 3
6744.jpg 2 10
2807.jpg 2 2 7
4.jpg 2 1 11 3 1 1
962.jpg 3 5 1
5395.jpg 10 2
5371.jpg 2 2 6
2334.jpg 2 4
2631.jpg 4 3
3619.jpg 9 3 11 7
2159.jpg 2 4
979.jpg 8
4263.jpg 6 6
3147.jpg 2 3
2487.jpg 2 4
7218.jpg 5 1
2605.jpg 6 11 5
254.jpg 6 1 11 6
759.jpg 2 6 11 3
6244.jpg 2 4 4
3440.jpg 7 11 8 1 1
7264.jpg 5 10
3906.jpg 10 8
1994.jpg 2 3
1754.jpg 7 5 11 6
956.jpg 6 4
3715.jpg 2 1 6
5145.jpg 8 11 8 1
1791.jpg 2 10 3
2319.jpg 7 11 3 1 1
3459.jpg 2 2 9
1538.jpg 2 2
4534.jpg 3 2
6289.jpg 2 4 2
1474.jpg 2 4 1
5528.jpg 7 5
3178.jpg 7 11 6 6
7005.jpg 7 11 7
3948.jpg 6 5
3791.jpg 2 5 3
1016.jpg 2 11 6 10
3941.jpg 8 11 9 1 1
3177.jpg 3 7
2903.jpg 10 11 2
458.jpg 5 8
3955.jpg 7 1
4218.jpg 2 6 4
234.jpg 2 9
4171.jpg 2 3 11 6
665.jpg 2 3
5114.jpg 10 1
3581.jpg 2 6 5
2435.jpg 2 4 11 6
4453.jpg 2 3 11 6
574.jpg 2 3 6
5740.jpg 2 1 3
5014.jpg 2 3 11 7
3056.jpg 9 8 11 6
2430.jpg 8 11 6 1 1
1349.jpg 2 2 11 9 1 1
7062.jpg 2 1 3
489.jpg 8 9
5139.jpg 5 8
6595.jpg 2 6
2158.jpg 7 3 11 6
5091.jpg 9 3
1687.jpg 3 1 1
780.jpg 2 6 1
4935.jpg 2 6 7
7238.jpg 10 9
6987.jpg 2 6
1337.jpg 2 4 11 10
1509.jpg 2 4 10
3901.jpg 2 6 4
6529.jpg 8 11 7 1 1
3671.jpg 2 2 11 6
278.jpg 2 6
6609.jpg 2 4
3925.jpg 8 1
4567.jpg 2 9
2428.jpg 2 7 11 6 1 1
5031.jpg 5 5
5218.jpg 9 4
757.jpg 10 11 8
2969.jpg 2 1 8
5961.jpg 2 4
3690.jpg 2 1
6329.jpg 2 3 7
6563.jpg 7 10
2342.jpg 6 5
7212.jpg 10 1
340.jpg 9 5
7089.jpg 4 6
5088.jpg 12 2 6 8
5444.jpg 2 4 11 2
3180.jpg 6 7
839.jpg 2 3 1
3984.jpg 2 1 9
5074.jpg 7
500.jpg 10
5300.jpg 3 6 1
2725.jpg 2 1
6238.jpg 2 2 11 9 1 1
4075.jpg 8 3
3098.jpg 4 4
6534.jpg 2 2 3
7289.jpg 6 10
4342.jpg 3 6 1
6985.jpg 6 9
5525.jpg 5 7
6451.jpg 7 11 10
4983.jpg 9 4
1006.jpg 7 9
11.jpg 10 7
2634.jpg 8 11 4 1 1
7006.jpg 8 3 11 6
3605.jpg 9 10
6347.jpg 2 4 7
2046.jpg 8 1
3374.jpg 2 5
3816.jpg 4 1
4527.jpg 2 3
4400.jpg 6 2
6032.jpg 2 3 11 6
761.jpg 10 3 10
3915.jpg 7 4
6130.jpg 2 2 11 9
1433.jpg 5 9
1835.jpg 2 9 11 3
1475.jpg 2 3
3095.jpg 8 2
5268.jpg 10 1
6123.jpg 2 11 2 1
1268.jpg 6 1
5378.jpg 5 8 11 9 9
5435.jpg 2 6 11 3
3291.jpg 2 6 11 3
262.jpg 2 9 11 6
36.jpg 8 11 2 1 1
3471.jpg 2 3 11 6
2672.jpg 9 9
5858.jpg 3 2 1
6653.jpg 2 6 11 9
6738.jpg 2 4 1
7276.jpg 9 2
2698.jpg 3 4 1
4909.jpg 7 7 1 1
561.jpg 2 6 1
4236.jpg 8
3407.jpg 7 4
1353.jpg 2 2
3024.jpg 2 4 5
5271.jpg 2 4 11 6
544.jpg 8 8
4834.jpg 2 6
2254.jpg 5 10
2708.jpg 2 5 1
6685.jpg 2 2 8
2450.jpg 10 10 6
318.jpg 6 11 4 1 1
1434.jpg 8 2
6317.jpg 2 8
3796.jpg 2 2
621.jpg 2 5
24.jpg 2 2
6766.jpg 3 5 1
5753.jpg 7 6
5053.jpg 2 4 1
2578.jpg 2 3 11 4
2390.jpg 2 4 11 6
2575.jpg 2 6 1
5357.jpg 3 2
3769.jpg 2 9 11 3
3710.jpg 3 7 1
1251.jpg 8 8
6424.jpg 2 2 6
1581.jpg 2 3
4254.jpg 9 4
2679.jpg 5 10
1106.jpg 2 7
7003.jpg 2 1 11 6
7407.jpg 12 2 1 2 11 3
533.jpg 2 1
49.jpg 2 2 11 6
2712.jpg 4 6
270.jpg 2 9
3838.jpg 2 11 2 3
5614.jpg 7
2432.jpg 2 11 6 6
3846.jpg 2 3
7367.jpg 2 4 2 11 4 10
1329.jpg 2 3
1895.jpg 2 1 10
2463.jpg 2 5 4
6339.jpg 10 4
3661.jpg 2 2 10
4740.jpg 1 8
3627.jpg 9
5403.jpg 2 1 10
1362.jpg 7 7
6701.jpg 2 1 3
4544.jpg 8 11 7
5977.jpg 7
3521.jpg 2 1 2
4078.jpg 2 11 6 6
1661.jpg 3 4 1
4789.jpg 5 4
4352.jpg 2 3 11 4
3174.jpg 8 3
1534.jpg 2 2 3
2785.jpg 10 7
2394.jpg 2 4
6644.jpg 8 8
1168.jpg 2 6 4
6382.jpg 3 10
5107.jpg 2 1 1
1616.jpg 2 11 3 2
352.jpg 9 9
3981.jpg 2 6 4
6391.jpg 6 1
6404.jpg 10
6813.jpg 8 11 7 1 1
3170.jpg 2 1 11 8
5383.jpg 5 2
6151.jpg 2 2 2
4230.jpg 3 7 11 9
6351.jpg 9 1
6297.jpg 8 6
1679.jpg 2 3 1
330.jpg 2 1 11 10
5890.jpg 8
4783.jpg 9 11 3
7041.jpg 2 5 6
5602.jpg 2 1 6
4683.jpg 3 2 2 1 1
1292.jpg 8
6024.jpg 7 5
3366.jpg 2 3
2335.jpg 2 4
2740.jpg 9 11 7
4785.jpg 7 9
873.jpg 2 4
964.jpg 2 9 11 6
3779.jpg 2 6
5998.jpg 3 4
3068.jpg 2 11 1 2
3654.jpg 7 6
4304.jpg 2 2 1
4619.jpg 2 4 11 1 1
4488.jpg 2 11 6 8
6539.jpg 2 11 2 1
5837.jpg 2 9 8 1 1
2809.jpg 7 1
5199.jpg 2 4 11 6
4039.jpg 3 5 6
904.jpg 2 3 1
1677.jpg 2 3
6654.jpg 2 11 1 3
6845.jpg 2 3
863.jpg 2 4 11 4 1 1
5330.jpg 2 4
5942.jpg 2 1 4
4819.jpg 2 4 11 8
6348.jpg 5 10
506.jpg 2 6
7169.jpg 10 4
381.jpg 9 7
5922.jpg 2 2 11 10
2065.jpg 9 8
1031.jpg 4 1
4387.jpg 10 7
3305.jpg 2 5 3
5902.jpg 2 1 1
4907.jpg 8 10
1797.jpg 2 5
553.jpg 2 2 5
7227.jpg 8 5
7064.jpg 10 3 11 5
2871.jpg 8 3 11 6
7153.jpg 3 6
6659.jpg 2 5
5871.jpg 3 3 1
3412.jpg 2 11 6 5
3126.jpg 2 5 9
3645.jpg 2 5
1595.jpg 2 6 4
6077.jpg 4 10 11 4
5120.jpg 2 4 7
4692.jpg 8 11 3
1748.jpg 9
4128.jpg 2 4 11 6
6325.jpg 8 1
4840.jpg 2 5 1
2032.jpg 2 5 11 3
3692.jpg 10
5904.jpg 2 6 11 3
668.jpg 2 4 11 3
3503.jpg 2 4 11 5 1 1
7458.jpg 12 2 5
5449.jpg 5 8
2956.jpg 8 9
6606.jpg 8 9
1000.jpg 9 4
7482.jpg 5 10
1334.jpg 8 2
5000.jpg 8 11 10
52.jpg 9 9
2647.jpg 2 4 11 7
5863.jpg 3 1
5876.jpg 2 3
1227.jpg 2 1 4
1266.jpg 2 3 11 10
6754.jpg 2 1 2
4933.jpg 2 3 11 6
3101.jpg 9 6 11 6
6699.jpg 6 3
2017.jpg 8 6
1232.jpg 2 3 1
3964.jpg 2 5 11 2
3635.jpg 4
5369.jpg 10
5263.jpg 8 11 8 6 1
3815.jpg 2 4
434.jpg 3 4
1158.jpg 10
2861.jpg 6 6
2495.jpg 1
5356.jpg 2 5
2767.jpg 2 2 1
2976.jpg 8 11 6 1 1
1156.jpg 7 3
3209.jpg 10
2893.jpg 2 4 6
2238.jpg 8
4423.jpg 2 2
1874.jpg 2 1
640.jpg 10 1
4003.jpg 2 6 1
3679.jpg 2 11 6 6
2347.jpg 2 2 8
1912.jpg 2 8
3455.jpg 2 7 7
4081.jpg 2 6
2902.jpg 3 2 1
1505.jpg 2 3 1
4603.jpg 4 1
5561.jpg 2 2
6723.jpg 8 11 9 1 1
6059.jpg 12 2 10 4 11 2
1363.jpg 2 4 1
4541.jpg 2 3 11 10
2303.jpg 7 10
3432.jpg 2 5 2
5914.jpg 3 9
5680.jpg 10
5333.jpg 2 4 6
1784.jpg 2 3 11 7
4919.jpg 9 11 6
5154.jpg 8 6
7075.jpg 3 3
2888.jpg 2 4 1
905.jpg 2 1 10
2294.jpg 7 9
5634.jpg 2 6 3
6611.jpg 2 2 2
1776.jpg 2 3
5201.jpg 7 5
2323.jpg 2 1 11 5
5061.jpg 2 6 5
3852.jpg 9 11 3
2164.jpg 6 11 9 1 1
5478.jpg 3 6 11 1
3294.jpg 10 11 5 1 1
1525.jpg 6 10
5476.jpg 3 2 6 1 1
7187.jpg 8 11 7 1 1
7020.jpg 2 4 11 10
2246.jpg 7 3
604.jpg 6 1
2515.jpg 8 10
5400.jpg 2 2
5279.jpg 2 2
1002.jpg 7 10
622.jpg 2 6 11 9
2691.jpg 7 3
836.jpg 2 5 11 2
995.jpg 7
2042.jpg 6 8
264.jpg 2 4 9
5086.jpg 2 4 11 9
710.jpg 2 2
6939.jpg 2 1 4
2217.jpg 8 3
5700.jpg 2 1
888.jpg 8 11 6 1 1
1708.jpg 9 6 1 1
2466.jpg 4 10
659.jpg 12 2 5 5 11 2
6287.jpg 2 3 11 6
4572.jpg 9 9
7111.jpg 6 1
1100.jpg 2 9
4432.jpg 8 1
3960.jpg 3 5
6169.jpg 8 11 2 1 1
3478.jpg 9 6
3168.jpg 8 11 7 1 1
7162.jpg 2 4
4040.jpg 3 3
1278.jpg 10 10
7364.jpg 8 3 11 3 7
6706.jpg 2 6 1
4491.jpg 2 3
6635.jpg 2 3
21.jpg 2 1 9
54.jpg 6 8
5616.jpg 2 11 3 5
1122.jpg 2 4
3273.jpg 2 11 5 10
5301.jpg 3 5
4060.jpg 4 10
6525.jpg 10
4889.jpg 10 11 10 1 1
3257.jpg 3 2 3
6951.jpg 2 4 11 6
2308.jpg 2 1 2
1984.jpg 9 10
5842.jpg 2 4 3
1550.jpg 2 4
6926.jpg 3 2 1
5415.jpg 7 11 5 1 1
2072.jpg 9
1324.jpg 2 4
6260.jpg 2 4 1
393.jpg 5 5
2537.jpg 7 11 6 1 1
902.jpg 2 3 1
3873.jpg 9 11 6
4277.jpg 8 2
7058.jpg 2 4 2
1957.jpg 2 1 4
4452.jpg 2 3
6199.jpg 3 6 1
824.jpg 8 3
4392.jpg 3 2
6657.jpg 2 2 11 7
213.jpg 10 11 10
1542.jpg 4 5
3621.jpg 8 6
1565.jpg 2 1 5
6571.jpg 8 5
2329.jpg 7 3
4942.jpg 2 6 5
5705.jpg 2 3
660.jpg 2 2 1
6998.jpg 2 5 7 1 1
394.jpg 5 11 5 1 1
5012.jpg 2 6 7
1604.jpg 2 1
5869.jpg 2 2 11 6
793.jpg 2 1 7
5132.jpg 2 1 11 9
2802.jpg 2 4 11 6
2787.jpg 2 4 11 7
6889.jpg 6 2
3550.jpg 2 1 9
1768.jpg 2 9 11 6
2030.jpg 2 2
5336.jpg 7 11 9 1 1
4403.jpg 7 7
6702.jpg 3 5 1
3279.jpg 8 10
2981.jpg 2 4 4
1260.jpg 7 3
1859.jpg 2 2
4085.jpg 2 2 1
3777.jpg 10
5418.jpg 2 4 6
3490.jpg 2 2 8
6979.jpg 8 2
6473.jpg 8 8
5307.jpg 3 6 1
7188.jpg 2 3 11 6
5409.jpg 9 7
2377.jpg 2 3
3046.jpg 2 1
3653.jpg 10 2
5860.jpg 9 4
3004.jpg 9 11 5
5835.jpg 2 6
5791.jpg 9 2
5970.jpg 7 9
2529.jpg 3 4 1
1459.jpg 8 11 8 1 1
1662.jpg 3 4 11 3
1502.jpg 2 8 11 6
1235.jpg 2 3 6
5686.jpg 2 1 8
6467.jpg 3 6
631.jpg 2 1 1
136.jpg 2 4 1
172.jpg 5 7
1539.jpg 2 6 3
1071.jpg 3 1
4998.jpg 9 9
870.jpg 2 2 6
5572.jpg 7
6045.jpg 3 1
6861.jpg 2 1 5 11 6
898.jpg 7 7 11 6
2493.jpg 3 3
135.jpg 2 1 11 7
2643.jpg 2 2 11 2
3947.jpg 2 6 2
6970.jpg 2 3 1
3532.jpg 2 3 11 4
4844.jpg 2 2 11 6
692.jpg 2 6 11 9
3074.jpg 3 3 1
896.jpg 2 2
3394.jpg 10 11 3
6857.jpg 2 3 6
4721.jpg 2 1 5
2200.jpg 2 11 3 7
4231.jpg 5 11 4 1 1
3738.jpg 3 1
2626.jpg 2 8 5 11 8 6
6142.jpg 7
1129.jpg 2 4 5
2370.jpg 4 8
1482.jpg 3 9
7107.jpg 2 4
2591.jpg 2 8
603.jpg 2 11 1 1
1056.jpg 8 11 7 1 1
4835.jpg 8
5235.jpg 2 10
5695.jpg 2 4 1
1014.jpg 8 11 8 1 1
1592.jpg 3 3
2909.jpg 2 2 11 9
7184.jpg 2 4 7
6331.jpg 4 11 5 1 1
786.jpg 2 5 7
7072.jpg 2 1 1
4730.jpg 2 1
2728.jpg 9 4 11 6
5918.jpg 2 4 11 5
3839.jpg 7 11 10 1 1
6258.jpg 2 1 11 10 1 1
6555.jpg 2 6
2505.jpg 9 3
5076.jpg 8 1
3614.jpg 2 8
6353.jpg 2 4 11 3
3823.jpg 2 2 5
1698.jpg 2 6
2676.jpg 3 1 10
1622.jpg 2 2 11 6
219.jpg 8
5818.jpg 6 11 9 1 1
2992.jpg 2 2 9
5374.jpg 2 4 11 4 1 1
2162.jpg 2 1 9
7471.jpg 3 7 11 5 8
7454.jpg 3 2 11 2 3
6312.jpg 3 11 1 6
4493.jpg 3 3
5662.jpg 6 7
4385.jpg 2 3
96.jpg 2 6
7176.jpg 6 10
2175.jpg 2 3 1
1545.jpg 7 10 11 10
2625.jpg 2 2
3300.jpg 6 3
7093.jpg 7 10 11 10
5087.jpg 8 5 6 1 1
298.jpg 7 7
6427.jpg 2 4
2855.jpg 7 7
6026.jpg 2 6 4
3744.jpg 2 1 7
5043.jpg 2 3 9
5504.jpg 2 3 8
1393.jpg 7 5
1564.jpg 2 1 5 11 6 4
5011.jpg 2 11 4 1
1217.jpg 2 6
7139.jpg 2 2 6
6393.jpg 2 2
3976.jpg 2 3 11 5
2257.jpg 2 11 6 6
1636.jpg 2 4
4739.jpg 4 7
5660.jpg 2 5 11 5
7492.jpg 2 3 8 11 5 6
7148.jpg 6
3213.jpg 2 7 11 8
3208.jpg 2 4
3334.jpg 7 11 5
5325.jpg 3 5 1
3059.jpg 2 11 5 9
1218.jpg 7 11 5 1 1
412.jpg 2 2 9
4634.jpg 2 7 5
4945.jpg 6
2844.jpg 2 2
1839.jpg 5 5
6673.jpg 2 7 11 3
2536.jpg 6 7
737.jpg 3 3
4216.jpg 8 2
5165.jpg 2 11 2 10
3318.jpg 2 4
1155.jpg 4 2
5065.jpg 7 11 8 1 1
5836.jpg 2 3 3
3793.jpg 8 1
1619.jpg 10 4
2780.jpg 2 10 1
1717.jpg 9 11 2 1 1
7350.jpg 2 3 7
296.jpg 3 1 1
1988.jpg 2 5 11 5
3867.jpg 9 7 11 6
965.jpg 3 1 10
6982.jpg 10 4
4665.jpg 7 11 10 1 1
6103.jpg 10 5
4054.jpg 2 4 11 5
3989.jpg 2
365.jpg 2 8 11 6
5907.jpg 4 1
5269.jpg 2 4 11 8
7434.jpg 12 5 7
3453.jpg 9
5783.jpg 2 1
6829.jpg 2 5 6
3644.jpg 2 1
4042.jpg 2 2 11 8
5172.jpg 2 1
1367.jpg 7 6
3498.jpg 2 4
5295.jpg 2 10 11 4
4486.jpg 2 4 10
1180.jpg 7 3
5319.jpg 2 6 6
7215.jpg 7
5838.jpg 6 11 2
5564.jpg 2 4 11 4 1 1
2218.jpg 10
1599.jpg 3 5 1
3006.jpg 10 8
160.jpg 2 6 2
3992.jpg 2 11 6 1
3035.jpg 2 3 1
6304.jpg 10 2
1185.jpg 1 9
5865.jpg 2 7 11 2
6227.jpg 2 1 10
2527.jpg 5 3
3664.jpg 7 8
3214.jpg 2 3
7211.jpg 6 7
107.jpg 2 3 11 8
7446.jpg 7 8
2674.jpg 8 11 8 1 1
78.jpg 3 7 11 3
7028.jpg 2 3 1
134.jpg 2 10 11 7
343.jpg 4 10 5 1
6249.jpg 2 4 11 3 1 1
3266.jpg 8 6
2918.jpg 2 7 11 8
1780.jpg 8
5574.jpg 1 3
4077.jpg 2 3 8
2560.jpg 2 6 1
6662.jpg 2 5 10
5605.jpg 2 4 11 6
6376.jpg 3 1 7
530.jpg 2 4 1
4212.jpg 7 2
2873.jpg 2 11 2 10
6203.jpg 2 3
5485.jpg 7 3
446.jpg 2 2 11 10
6515.jpg 7 6
5812.jpg 2 3 11 6
1252.jpg 2 5
2142.jpg 2 6 11 6
5041.jpg 10 11 2
1299.jpg 2 6 1
5905.jpg 3 5 1
3316.jpg 2 4 3
380.jpg 2 7 9 11 5 3
3807.jpg 2 3 6
3704.jpg 2 10 3 1 1
691.jpg 2 3 3
6971.jpg 2 6 11 7
2028.jpg 3 2
4139.jpg 2 4 11 5
1811.jpg 2 5 7 1 1
6087.jpg 2 1
1587.jpg 2 2
4262.jpg 7 8
611.jpg 3 3 11 5
1369.jpg 4 8 11 5 1 1
1078.jpg 9 6
5601.jpg 3 2
655.jpg 4 10 11 5 1
1083.jpg 10 6
3723.jpg 6 11 8 1 1
4891.jpg 12 2 9 8
7074.jpg 2 1 7 11 6
2355.jpg 2 3
2058.jpg 2 3 11 2
4850.jpg 2 3 10
3800.jpg 2 6 2
6598.jpg 2 3
3814.jpg 2 6 4
1316.jpg 3 3
2136.jpg 8 4
5488.jpg 7 7
6454.jpg 2 1 1
547.jpg 2 3
5877.jpg 2 2 11 9
1245.jpg 2 5
2107.jpg 2 4 8
6990.jpg 2 4 11 8
1029.jpg 2 11 6 10
569.jpg 2 5
1201.jpg 2 3
5277.jpg 8 11 3
6004.jpg 2 2
5945.jpg 7 10
1265.jpg 7 11 10 6 1
6913.jpg 2 7 11 3
5505.jpg 2 4
5888.jpg 2 3
6326.jpg 10 6
4256.jpg 2 1 6
4023.jpg 2 4 3
2648.jpg 2 5 1
1680.jpg 2 2 6
405.jpg 9 7
2023.jpg 2 5 6
4578.jpg 3 9
4868.jpg 6 10
1943.jpg 2 9 11 6
851.jpg 6 11 10 1 1
5881.jpg 2 4 11 6
6614.jpg 8 5
6083.jpg 8 6
5090.jpg 2 1 6
4728.jpg 8 11 7 1 1
3087.jpg 9 10 1 1
4015.jpg 2 2
5250.jpg 8 3 11 5
1734.jpg 9 7
1204.jpg 2 9 1
1800.jpg 4 7
2194.jpg 2 11 7 9
923.jpg 3 1 4
3210.jpg 2 3 11 6
6383.jpg 8 11 6 1 1
221.jpg 6
3554.jpg 8 11 4 1 1
2436.jpg 5 11 4 1 1
435.jpg 2 6 5
3952.jpg 2 8
7404.jpg 2 6 1 11 4 3
6397.jpg 8 9
7392.jpg 12 2 6 4
3674.jpg 2 5 9
3325.jpg 2 1
3176.jpg 2 11 1 2
1792.jpg 7 7
308.jpg 2 9 11 5
2513.jpg 2 3 8
4922.jpg 5 11 3 1 1
4405.jpg 8 3 11 6
6421.jpg 8 11 6 1 1
6777.jpg 2 11 2 3
4316.jpg 8 6
2831.jpg 8 5
5810.jpg 2 1
6316.jpg 10 7
1681.jpg 6 11 9 1 1
7375.jpg 2 7 6 11 9 5
6751.jpg 2 1
2348.jpg 2 3 11 9
1389.jpg 8 11 7 1 1
1607.jpg 10 10
19.jpg 2 3 11 2
6281.jpg 2 7
777.jpg 2 4 11 10
3084.jpg 7 6
5879.jpg 2 3
3094.jpg 2 9
1512.jpg 8 4
2819.jpg 9 2
3132.jpg 2 5 11 10
4082.jpg 2 1
6362.jpg 7 10 11 6
6429.jpg 2 1 7
3698.jpg 5 3 1 1
823.jpg 7 11 4 1 1
4374.jpg 2 11 3 1
5937.jpg 8 11 4 1 1
5713.jpg 9 10
6904.jpg 4 8 11 5 1 1
3905.jpg 2 3
6324.jpg 3 5 6
2442.jpg 2 9 11 3
3425.jpg 4 2
3612.jpg 2 1 4
907.jpg 9
128.jpg 2 1 4
7297.jpg 4 8
3092.jpg 4 10
2322.jpg 8 1 8
5758.jpg 2 3
5718.jpg 8 4
3974.jpg 2 2
1338.jpg 2 4 10 11 6 6
2881.jpg 8 11 4
1498.jpg 2 3 2
1117.jpg 10 8
7051.jpg 6
4029.jpg 9 11 7
887.jpg 2 1 9
2730.jpg 2 3 4
3828.jpg 2 8
4896.jpg 2 3 2
2732.jpg 8 7
3466.jpg 2 9 10
583.jpg 2 3
1660.jpg 2 1
3428.jpg 4 10
4978.jpg 3 1
899.jpg 2 7 11 8
7417.jpg 9 3 11 4 6
5800.jpg 2 11 6 1
3327.jpg 12 2 3 11 1 2 2
371.jpg 2 4 11 5
1982.jpg 8 11 2
6621.jpg 10 6
6380.jpg 5 11 4 1 1
576.jpg 9 8
5146.jpg 2 8 11 9
2016.jpg 3 1 1
6639.jpg 2 5 11 4
6266.jpg 2 4 3
6656.jpg 7 11 6 1 1
7239.jpg 3
992.jpg 2 2 11 4
6052.jpg 2 9
7070.jpg 2 4 1
853.jpg 2 2 1
816.jpg 2 4
3861.jpg 10 9
5916.jpg 7 10
4244.jpg 2 9 11 7
5303.jpg 2 3
3718.jpg 2 5 1
218.jpg 10 11 2
4240.jpg 2 4
459.jpg 9 3
1803.jpg 3 1 10
7412.jpg 12 6
5118.jpg 2 5
1405.jpg 6 11 7 1 1
5243.jpg 4 7
5656.jpg 2 7
522.jpg 9 2
3201.jpg 10 10
3560.jpg 3 5 6
5416.jpg 2 11 2 1
3393.jpg 2 6 11 7
6428.jpg 7 6 11 6
31.jpg 10 7
2517.jpg 2 8
4996.jpg 2 4 11 7
5455.jpg 9 11 4
4671.jpg 6 8
5079.jpg 2 3
4612.jpg 9 11 7
4505.jpg 6 6 11 1 1
3111.jpg 8 6
3252.jpg 2 3 1
1529.jpg 9
467.jpg 7 11 2
1126.jpg 9 11 7 1 1
637.jpg 2 3 11 4
5462.jpg 9 9
5987.jpg 3 1 1
387.jpg 7 9
7208.jpg 4 9
5153.jpg 6 10
5036.jpg 3 3
7181.jpg 2 10 1
5390.jpg 9 11 10 1 1
5792.jpg 2 5
2088.jpg 3 1 4
3297.jpg 9 1
6210.jpg 2 11 1 5
4956.jpg 2 10 1
2627.jpg 8 1
6400.jpg 2 5 2
4679.jpg 2 3 1
2642.jpg 6 10
7472.jpg 2 4 8 11 10 4
1570.jpg 2 3
1879.jpg 2 3 11 6
4132.jpg 10 3
3106.jpg 2 3
4656.jpg 2 2 6
6209.jpg 2 11 1 3
1250.jpg 2 3 11 6
2248.jpg 9 11 3 1 1
1152.jpg 7 11 5
3040.jpg 9 6
4020.jpg 2 4
4092.jpg 5 7
3.jpg 6 7
6201.jpg 2 11 2 6
1846.jpg 2 4 11 6
5049.jpg 2 3 11 6
4536.jpg 7 5
2358.jpg 8 1 11 10
6270.jpg 5 4
204.jpg 2 4 1
3079.jpg 2 2
7011.jpg 10 5
3986.jpg 7 11 2 1 1
5116.jpg 8 10
4972.jpg 10 4
702.jpg 2 5 1
4124.jpg 3 3 1
4600.jpg 7 7
6438.jpg 2 1 10
5025.jpg 9 4
5393.jpg 8 11 6 1 1
1443.jpg 2 1 4
6264.jpg 2 10
3706.jpg 2 4 11 5
2352.jpg 2 5 1
4046.jpg 9 3
3536.jpg 2 3 11 4
916.jpg 3 1
2557.jpg 10 5 1 1
2516.jpg 5 10
3840.jpg 2 2
205.jpg 5 10
6222.jpg 10 4
4635.jpg 2 6 6
601.jpg 5 9
1700.jpg 6 6
5575.jpg 10 3
5396.jpg 2 11 7 9
6560.jpg 5 9
5766.jpg 8 11 5 1 1
2372.jpg 2 4 8
4955.jpg 2 4 6
5182.jpg 3 4 1
4969.jpg 2 1 11 2
4357.jpg 8 5 11 6
7037.jpg 9
921.jpg 10 9 11 6
7113.jpg 5 1
974.jpg 2 2
3205.jpg 2 3
4811.jpg 8 5
4101.jpg 2 6 1
620.jpg 6 9
5715.jpg 6 9
438.jpg 2 11 6 6
6058.jpg 8 1
5989.jpg 2 6 11 6
4939.jpg 2 1 7
5283.jpg 2 3
1047.jpg 8 1
5376.jpg 7 1
1123.jpg 2 11 3 1
7150.jpg 2 7 4 11 10 9
1102.jpg 2 2 8
2596.jpg 2 1 10
654.jpg 8
1191.jpg 2 4
3029.jpg 9 4
4772.jpg 2 3 6 1 1
138.jpg 2 9 11 6
4780.jpg 7 11 5
5508.jpg 2 1 10 11 3
4299.jpg 2 10 1
5885.jpg 7 8
6360.jpg 2 10 8
5816.jpg 2 8 8
2410.jpg 2 1
5032.jpg 3 4 6
324.jpg 3 1
7200.jpg 2 3
2062.jpg 10 10 11 6
5737.jpg 7 11 6 1 1
2717.jpg 8 11 8
3417.jpg 9 11 5 1 1
5133.jpg 2 9 10
1611.jpg 2 2 4
1857.jpg 2 2 3
6181.jpg 2 3
7031.jpg 2 2
7077.jpg 2 3 11 8
4589.jpg 2 11 4 2
3854.jpg 7 9
3897.jpg 2 4 3
4792.jpg 2 4
6389.jpg 2 5 6
144.jpg 2 3
5188.jpg 2 9
4867.jpg 2 4
1050.jpg 8 11 7 1 1
3338.jpg 2 11 2 5 10
2388.jpg 3 3 11 5
5092.jpg 2 11 6 1
4472.jpg 2 1 11 10 1 1
1922.jpg 2 4
2336.jpg 9 7
3230.jpg 2 3
681.jpg 8 1
4688.jpg 8 11 4 1 1
7323.jpg 2 1 10
5672.jpg 2 2 1
2872.jpg 2 11 3 1
2116.jpg 10
3570.jpg 2 4
3307.jpg 2 4
6797.jpg 10 5
3858.jpg 8 11 8
3009.jpg 2 4 11 1
1657.jpg 9 11 2 1 1
720.jpg 8 10
6632.jpg 9 11 4
7453.jpg 12 2 7 8 11 6 5
6125.jpg 8 11 7 1 1
4141.jpg 9 8
4351.jpg 7
5645.jpg 2 1 9
48.jpg 2 4 3
72.jpg 9
4501.jpg 2 11 3 8
4478.jpg 8 1
3014.jpg 8 11 4
1664.jpg 2 1 9
1735.jpg 2 5 10
4700.jpg 6 1
6255.jpg 9
2828.jpg 10 11 9
2812.jpg 2 11 6 10
1830.jpg 2 2 11 6
2800.jpg 3 1 4
7078.jpg 12 4 6 11 6 5
2392.jpg 2 2 7
210.jpg 3 4 1
2998.jpg 6 11 4 1 1
5673.jpg 9 2
6907.jpg 2 11 1 1
1606.jpg 2 5
7403.jpg 12 2 9 5
2987.jpg 9 7 11 6
6875.jpg 2 1 11 2
4949.jpg 5 1
3122.jpg 3 2
4497.jpg 2 6 1
7280.jpg 9 3
4667.jpg 8 8
1799.jpg 8 7
2544.jpg 3 6 1
2845.jpg 2 1 9
5483.jpg 10 7
3810.jpg 2 1 11 5
3159.jpg 4 8
1414.jpg 2 3
5685.jpg 10 9
6651.jpg 7 11 9 1 1
4290.jpg 2 4
1551.jpg 7 1
7343.jpg 4 6
4622.jpg 2 2
4659.jpg 2 4
6796.jpg 6 10
2810.jpg 2 7 11 2
6056.jpg 3 4
1281.jpg 2 6 2
3007.jpg 12 2 7 9 11 7 6
2977.jpg 2 6
292.jpg 2 5 9
989.jpg 2 3
4154.jpg 7 4
1620.jpg 8 9
2900.jpg 8 10
432.jpg 8 2
3529.jpg 7 10
5472.jpg 2 1 11 9
6886.jpg 2 3
4556.jpg 3 4 1
2860.jpg 8 11 8
3516.jpg 2 2 11 6
3599.jpg 2 3 9
5164.jpg 9
7310.jpg 8 3
1648.jpg 8 11 4
1887.jpg 2 11 5 4
2951.jpg 9 7
6505.jpg 3 1
6866.jpg 4
7042.jpg 4 5
4233.jpg 2 3 11 9
267.jpg 7 11 8
34.jpg 8 3
373.jpg 2 1 7
5831.jpg 2 2 2
1925.jpg 10 3
5129.jpg 2 9 11 3
2279.jpg 7 11 4 1 1
571.jpg 7 5
6584.jpg 2 5 7
225.jpg 2 5
6434.jpg 2 1
4151.jpg 2 5
5593.jpg 2 3 5
6015.jpg 2 3 11 9
4362.jpg 6 6
6129.jpg 8 11 7
6508.jpg 9
3598.jpg 2 6
1118.jpg 8 2
2414.jpg 6 3
5459.jpg 2 1
1818.jpg 2 7
1623.jpg 2 10 1
875.jpg 2 9 10
638.jpg 2 2
1020.jpg 9 9
1508.jpg 2 5 3
5494.jpg 2 7 11 6 1 1
5221.jpg 3 1
3912.jpg 2 5 1
3663.jpg 10 4
7146.jpg 2 2 3
4929.jpg 5 3
1438.jpg 7
2004.jpg 6 11 4
1744.jpg 8 11 3 1 1
6212.jpg 2 4
2650.jpg 3 2 2 1
3907.jpg 2 2
4520.jpg 7 6
704.jpg 10 1
4849.jpg 2 11 3 5
4552.jpg 2 4
4882.jpg 2 3
662.jpg 8 3
4768.jpg 2 4
5394.jpg 7 11 2 1 1
2161.jpg 2 3 2
2526.jpg 7 11 5
1469.jpg 4 10 11 8 1 1
6010.jpg 2 6 1
6794.jpg 10 11 4
6613.jpg 10
837.jpg 2 11 6 1
6128.jpg 2 11 6 6
470.jpg 3 7
2561.jpg 6 2
3446.jpg 2 1 5
4798.jpg 2 3 1
3130.jpg 2 1
6092.jpg 7 7
7340.jpg 2 3 1
2359.jpg 5 11 9 1 1
7134.jpg 2 1 3
6466.jpg 9 1
6658.jpg 6 11 4
5384.jpg 10 4
276.jpg 2 2
5596.jpg 8 5
1441.jpg 3 10
6781.jpg 5 5
217.jpg 5 11 10 1 1
4782.jpg 7 8
765.jpg 10 11 2
5185.jpg 2 2 11 5
3798.jpg 8 1
1786.jpg 3 4
5022.jpg 3 2
5286.jpg 2 4 9
7475.jpg 9 1
1767.jpg 2 5
1751.jpg 2 11 4 3
5958.jpg 3 2
2298.jpg 2 2 9
3946.jpg 2 7 11 2
4755.jpg 8 9
3349.jpg 2 10
939.jpg 5 8
339.jpg 8
1189.jpg 2 3
1594.jpg 2 5 11 9 1 1
2678.jpg 2 4 6
1566.jpg 8
1305.jpg 2 5 10
1388.jpg 2 4 7
4376.jpg 2 1 4
3609.jpg 8 6
5407.jpg 2 7 6
6452.jpg 2 10 1
852.jpg 2 3 11 6
2629.jpg 6 11 4
3039.jpg 2 6 6
1935.jpg 2 3
6556.jpg 3 1 1
211.jpg 2 9 10
1112.jpg 2 4
4065.jpg 2 4 11 10
103.jpg 2 2
3217.jpg 2 4
6864.jpg 10 3
2682.jpg 4 6 11 9 1 1
4936.jpg 2 6 2
5891.jpg 5 2
1919.jpg 7 3
7190.jpg 5 10
4223.jpg 2 5 1 1
707.jpg 6 10
7479.jpg 10 10 11 2 10
1575.jpg 2 4 1
5899.jpg 2
623.jpg 8 1
900.jpg 2 1 11 3
5158.jpg 2 4
5117.jpg 6 9
3362.jpg 9 3 1 1
7464.jpg 12 2 3 9 11 9
65.jpg 5 11 5 1 1
6305.jpg 2 11 4 1
1034.jpg 8 11 6 1 1
7016.jpg 12 2 10 5
4138.jpg 2 7
3154.jpg 2 4
7447.jpg 4 9
658.jpg 2 11 1 4
1597.jpg 6 2
6008.jpg 7
4617.jpg 5 11 9 1 1
7362.jpg 2 7 8
5579.jpg 7
4880.jpg 2 1
6558.jpg 6 3
5382.jpg 8 11 1 1
6137.jpg 10 10
5217.jpg 2 3 1
2884.jpg 6 11 9 1 1
2935.jpg 10 11 1 6 1
3326.jpg 2 3
2232.jpg 7 10
7250.jpg 2 2 3
4444.jpg 3 7 11 9
6065.jpg 2 1 8
1173.jpg 2 11 5 9
1543.jpg 10 1
2259.jpg 3 6 1
1629.jpg 3 2 4
7333.jpg 10 5
5698.jpg 2 5 11 9
2899.jpg 3 10
1423.jpg 2 4 11 6
7055.jpg 2 4
1972.jpg 8 5
3066.jpg 7 3
1692.jpg 8 6
4411.jpg 6 10
705.jpg 7 9
5613.jpg 9
6161.jpg 4 10 11 8 1 1
3920.jpg 2 3 1
6980.jpg 2 2
4462.jpg 6
2085.jpg 2 3
2226.jpg 10 3
6655.jpg 6 2
657.jpg 8 8 6
1764.jpg 5 4
664.jpg 2 2 11 6
1718.jpg 7 2
6099.jpg 7 10
5033.jpg 3 4 3
3409.jpg 3 6 1
1936.jpg 8 2
7079.jpg 9 11 3
5666.jpg 2 3 1
5204.jpg 12 2 7 5
6500.jpg 5 9
3709.jpg 2 2
1114.jpg 2 1 9 11 6
7126.jpg 2 1 4
2095.jpg 8 4
1633.jpg 2 5 11 5
6220.jpg 2 3 9
5968.jpg 2 7
2929.jpg 2 11 4 1
3454.jpg 7 2
5741.jpg 1 5
6937.jpg 2 3 11 6
3435.jpg 3 10
774.jpg 2 1 10
4280.jpg 6 11 7 1 1
6483.jpg 8 2
5256.jpg 6 8
1054.jpg 7 9
3339.jpg 2 3 11 8
910.jpg 2 2
1731.jpg 2 3 11 8
4168.jpg 2 3
4331.jpg 2 5 8
5748.jpg 2 4 1
2157.jpg 10 6 11 7
2540.jpg 3 2 6 1 1
3344.jpg 8 1
7341.jpg 2 6 3
7406.jpg 12 2 9 7 11 2
4153.jpg 8 9
6368.jpg 2 11 6 6
4748.jpg 2 6
3859.jpg 2 5
7198.jpg 2 1 1
6748.jpg 8 11 7 1 1
951.jpg 2 4
4208.jpg 2 11 3 1
7065.jpg 4 6
1613.jpg 10 7
4152.jpg 7 4
2098.jpg 8 11 4 1 1
5809.jpg 2 6 11 7
6544.jpg 3 3
4438.jpg 9 7
5641.jpg 2 3 11 6
7117.jpg 2 2 2
3011.jpg 9 5
6693.jpg 2 5 3
928.jpg 10 4
3473.jpg 2 6 1
973.jpg 3 1
1401.jpg 7 11 5
4776.jpg 2 3 9
4270.jpg 7 11 1 1
7177.jpg 2 4
6396.jpg 10 6
2791.jpg 2 2 10
5619.jpg 3 11 6
3871.jpg 2 2
1956.jpg 8 11 3
4274.jpg 7 3
4681.jpg 8 4
3999.jpg 2 11 6 1
7497.jpg 12 5 10 11 9
150.jpg 2 3 11 6
1142.jpg 9 11 7 1 1
5151.jpg 8 4
7370.jpg 2 3 1
140.jpg 10 2
2746.jpg 2 4 1
3988.jpg 2 3
3668.jpg 7 8
6686.jpg 7 1
6649.jpg 10 9
421.jpg 2 2 1
3415.jpg 2 2
3865.jpg 2 1
2720.jpg 3 1
2723.jpg 2 7 11 5 1 1
1934.jpg 10 11 2
7478.jpg 8 5 11 8 4
7395.jpg 12 3 4
6727.jpg 2 3
1855.jpg 10 8
5849.jpg 2 2 11 6 1 1
4932.jpg 10 10
2609.jpg 9 11 3
5985.jpg 2 4 6
1524.jpg 2 1 11 6
1866.jpg 5 9
699.jpg 10 11 6
5518.jpg 10 9
3032.jpg 2 7
4089.jpg 8 11 4
7363.jpg 12 10 10 11 8 8 8
6246.jpg 9 3
6548.jpg 9 3 11 6
2108.jpg 2 2 1
6273.jpg 8 3
1330.jpg 2 8 3 1 1
4391.jpg 3 1
2317.jpg 2 3
7046.jpg 3 2
4027.jpg 3 1 2
1175.jpg 5 9
6318.jpg 2 6 4
4856.jpg 2 4
2054.jpg 7 11 7 1 1
114.jpg 2 11 5 9
1572.jpg 12 2 10 10
3072.jpg 3 1
2005.jpg 2 11 1 5
5696.jpg 2 6 5
2989.jpg 10 11 8
1814.jpg 2 11 3 8
2933.jpg 9 9
5050.jpg 12 3 7
4222.jpg 9 8
1761.jpg 10 10
685.jpg 2 10
6278.jpg 10 2
5677.jpg 3 3 1
3727.jpg 7
7415.jpg 12 7 9
2520.jpg 2 1 11 3
4373.jpg 7 1
6832.jpg 3 10
2415.jpg 2 11 7 9
3452.jpg 6 3
4620.jpg 2 3
152.jpg 2 3
7087.jpg 2 5 11 4
1373.jpg 2 7
4629.jpg 8 7
7049.jpg 2 5
5291.jpg 2 4 11 5
4464.jpg 8 4
1863.jpg 2 1 1
6242.jpg 2 5
3131.jpg 2 3
2655.jpg 8 4
2563.jpg 3 6 1
452.jpg 3 4 1
3689.jpg 9 11 3 1 1
1886.jpg 2 2
3124.jpg 3 4 1
5708.jpg 2 2 9
4804.jpg 9 3 11 6
2402.jpg 5 5
3586.jpg 2 4
1719.jpg 2 6 11 6
5736.jpg 8 3
7174.jpg 10 4
4356.jpg 5
7038.jpg 10 7 11 6
2581.jpg 3 1 1
6763.jpg 2 7 11 2
3555.jpg 3 4 1
2814.jpg 2 1 9
7445.jpg 12 2 5 8
436.jpg 2 2 11 4
6877.jpg 3 1 1
5726.jpg 3 3 11 5
5853.jpg 2 3 11 8
1546.jpg 2 10 1
938.jpg 8 8
6352.jpg 2 4
3287.jpg 8
1583.jpg 3 1 1
1458.jpg 1 4
1656.jpg 2 5
6821.jpg 2 5 8
1815.jpg 9 3
3468.jpg 2 1
1017.jpg 3 3 1 1
5647.jpg 3 1 11 8 1
4312.jpg 2 4 11 5
3347.jpg 7 10
3971.jpg 2 5 2
1506.jpg 5 5
3789.jpg 8 11 7 1 1
2099.jpg 2 3 11 3
2022.jpg 6 11 8
3853.jpg 10 11 6 1 1
2073.jpg 2 4
1385.jpg 2 4 1
521.jpg 4 3
260.jpg 8
7012.jpg 2 4 5
6835.jpg 2 10
5412.jpg 2 3
4934.jpg 5 6
6419.jpg 7 10
6733.jpg 2 10 1
2706.jpg 8 2
5661.jpg 8 11 4 1 1
4662.jpg 2 3
2320.jpg 2 9
894.jpg 7 11 10 1 1
4547.jpg 8 8
718.jpg 8 6
4648.jpg 2 5
5732.jpg 12 2 9 3 11 6 2
7281.jpg 2 1 4
2901.jpg 2 5
4087.jpg 6
3436.jpg 2 2 11 10 1 1
4797.jpg 8 4 11 6
3281.jpg 2 10 11 7
619.jpg 2 7 4
61.jpg 7 5
1159.jpg 8 5
3641.jpg 10 1
5919.jpg 2 2 11 4
5029.jpg 9 3
2695.jpg 3 1
216.jpg 2
675.jpg 2 4 11 6
1968.jpg 2 3
864.jpg 2 2 1
361.jpg 5 10
4986.jpg 4 2
666.jpg 12 7 7 11 10
5389.jpg 2 4 1
5522.jpg 2 6 11 9
5251.jpg 6 8
6695.jpg 2 4 11 4 8
5288.jpg 8 11 4 1 1
4207.jpg 2 3
6138.jpg 2 3
6692.jpg 2 11 5 1
3820.jpg 2 8
94.jpg 2 5 8
2122.jpg 2 3 4
3726.jpg 2 4
5566.jpg 12 2 9 10 11 2 2 4
6338.jpg 2 9
5986.jpg 2 4
3939.jpg 2 5 11 7
4116.jpg 5 11 3 1 1
6417.jpg 2 4 1
182.jpg 3 3
2425.jpg 2 4 7
1113.jpg 2 2 5
2230.jpg 7 1
7000.jpg 2 2 6
2237.jpg 9
7436.jpg 5 10
6617.jpg 2 5 2
538.jpg 3 7 1
7067.jpg 1 6
2823.jpg 2 9
5969.jpg 6 11 6 1 1
7282.jpg 3 10
3215.jpg 2 3
6805.jpg 2 3 11 7 1 1
2059.jpg 2 2 3 11 6
4705.jpg 2 4
4750.jpg 6 8
2431.jpg 2 4
3420.jpg 2 4 6
6068.jpg 10 4
1673.jpg 9 8 11 6
3606.jpg 8 11 7 1 1
168.jpg 2 1
6267.jpg 8 1
1306.jpg 2 3 1
7268.jpg 8 6
4873.jpg 10 6
5633.jpg 2 6 11 9
3467.jpg 2 1 8
212.jpg 2 10 6
2119.jpg 8
3922.jpg 12 2 2 7 11 5 4 9
2155.jpg 6 11 10
854.jpg 8 3
2531.jpg 2 5
7029.jpg 7 1 11 6
546.jpg 2 7
4483.jpg 10
2306.jpg 9 5
5487.jpg 8 10
6185.jpg 3 3 1
6849.jpg 5 8
6623.jpg 2 11 7 9
6474.jpg 10 4
7206.jpg 2 2 6
2185.jpg 8 1
4122.jpg 2 3
2172.jpg 2 6 11 5
1655.jpg 8
6721.jpg 6 5
1579.jpg 2 3
4125.jpg 8 11 6 1 1
5979.jpg 8 8
1442.jpg 7 6
1146.jpg 10 1
6017.jpg 2 2 11 2
4451.jpg 2 2 11 4
6973.jpg 2 2
799.jpg 6 1
7178.jpg 2 9 3 11 5 3
2209.jpg 2 3 1
6478.jpg 2 4
4144.jpg 2 9
2363.jpg 9 2
3743.jpg 10 11 4
7222.jpg 4 5
6511.jpg 2 3 2
3569.jpg 9
5764.jpg 3 6
257.jpg 2 1 11 3 1 1
4825.jpg 5 9
4228.jpg 2 2 11 5 1 1
37.jpg 2 3 11 4
7300.jpg 6 3
4194.jpg 2 1 4
2180.jpg 8
5747.jpg 10 9
6119.jpg 12 10 9
1947.jpg 3 3 11 5
3403.jpg 9 11 7 1 1
932.jpg 2 4 11 4
2292.jpg 7 11 8
5259.jpg 9 4
4864.jpg 9
6938.jpg 2 5 6
106.jpg 9 5
2738.jpg 2 9 11 4
4428.jpg 8 6
2811.jpg 2 9 7
2443.jpg 3 4 1
4725.jpg 2 7 11 2
556.jpg 2 8
3712.jpg 2 1 7
2607.jpg 2 1 5
4582.jpg 7 11 5 1 1
124.jpg 2 5
791.jpg 2 7
455.jpg 8 1
5622.jpg 2 2 1
6013.jpg 2 1 4
4498.jpg 2 9 11 5
469.jpg 2 3
1247.jpg 2 6
2711.jpg 6 11 2 6 1
1853.jpg 2 5 1
1293.jpg 2 3 11 3
7317.jpg 4 2
5392.jpg 2 1 4
4084.jpg 9 8
6188.jpg 2 5
6139.jpg 2 1
6958.jpg 6 11 7
2568.jpg 4 7 11 10 1
5540.jpg 3
6646.jpg 9 1
5367.jpg 3 5 1
195.jpg 9 5
1178.jpg 3 1
1089.jpg 2 2
5592.jpg 8 6
3771.jpg 7 3
1082.jpg 10 7
4076.jpg 12 2 8 7 11 6 7
5276.jpg 2 2 7
1205.jpg 2 3 11 6
2485.jpg 2 4 1
5469.jpg 2 5 11 6
878.jpg 4
1261.jpg 8 5
5797.jpg 2 4 8
64.jpg 2 2
4302.jpg 8 6
450.jpg 9
5872.jpg 2 11 8 3
1773.jpg 2 4
1877.jpg 6 3
6577.jpg 2 7
3904.jpg 2 4 2
6200.jpg 10 10
41.jpg 9 8
7419.jpg 9 9
5490.jpg 2 3
3392.jpg 2 1 2
2928.jpg 6 11 10
5524.jpg 2 10 6
5723.jpg 2 1 11 8
491.jpg 12 6 3
946.jpg 8 11 6
5887.jpg 2 3 1
5742.jpg 9 4
5331.jpg 3 7 1
342.jpg 2 4
1379.jpg 3 8 11 5
1827.jpg 10 4
5349.jpg 2 1 1
4684.jpg 2 6
5059.jpg 2 5
4733.jpg 3 1 1
2611.jpg 7 11 3 1 1
2955.jpg 8 3 1
5735.jpg 4 6 11 9 1 1
3162.jpg 2 2 11 6
5552.jpg 2 11 1 2
3673.jpg 2 3
2870.jpg 2 10 10 1 1
462.jpg 2 3 11 6 1 1
3237.jpg 7 6
6104.jpg 7 6
7379.jpg 2 3 4
1826.jpg 3 3
159.jpg 10 3
649.jpg 2 4 1
7118.jpg 2 3
2890.jpg 10 3
4114.jpg 2 8 11 3
1582.jpg 2 6 5
1296.jpg 2 3
304.jpg 2 2
2545.jpg 10 6
3433.jpg 2 3 11 6
3501.jpg 3 3
4660.jpg 10 1
5711.jpg 6 11 3
3953.jpg 3 7 1
2266.jpg 7 3
6090.jpg 6 8
7164.jpg 2 4 11 6
565.jpg 2 3
830.jpg 2 4 1
5820.jpg 3
1064.jpg 3 6 1
347.jpg 2 4
661.jpg 2 11 6 6
3527.jpg 7 8
990.jpg 2 3
3983.jpg 3 9
605.jpg 2 6 5
7040.jpg 2 3
6489.jpg 8 6 11 6
5046.jpg 7 2
4333.jpg 2 3 5
6204.jpg 10
5733.jpg 9
4477.jpg 3 2 11 3
20.jpg 3 5 6
5618.jpg 8 11 9
1237.jpg 2 6 11 6
6677.jpg 2 6 3
1323.jpg 4 10
2197.jpg 10 8
3406.jpg 5 2
6236.jpg 6
4282.jpg 2 5 1
1273.jpg 3 8
892.jpg 2 7 11 2
2874.jpg 2 5
3164.jpg 2 8 4
4309.jpg 2 2 10
1018.jpg 2 11 1 10
4048.jpg 2 6
5632.jpg 2 2 2
2470.jpg 7 8
4757.jpg 2 1 11 4 1 1
7143.jpg 9 6
2156.jpg 8 11 9
6819.jpg 8 11 5
6562.jpg 2 1 5 11 6
2571.jpg 12 2 6 3
3638.jpg 8 9
701.jpg 2 3 6
3149.jpg 10 8
6283.jpg 2 4
1339.jpg 8 2
5635.jpg 9 6
1465.jpg 2 11 1 10
7185.jpg 7 6
1928.jpg 3 1 1
2202.jpg 2 11 4 2
6542.jpg 4 2
4832.jpg 2 2 4 11 6
7294.jpg 2 4 6
4502.jpg 10 1
4994.jpg 8 3
186.jpg 2 4 3
3391.jpg 3 4
300.jpg 6 7
280.jpg 2 8 8
4758.jpg 9 3
4456.jpg 10 11 2 1 1
4272.jpg 2 3 11 6
4093.jpg 7 11 5
6900.jpg 4 8
1203.jpg 3 5
344.jpg 2 2
1861.jpg 8 11 4
5643.jpg 8 11 10 1 1
163.jpg 4
2756.jpg 8 8
1024.jpg 8 3
689.jpg 2 2 11 10
3364.jpg 2 4
4289.jpg 2 8 2
3081.jpg 9 6
231.jpg 9 11 4 1 1
1909.jpg 2 2
4031.jpg 2 6 11 3
4940.jpg 4 6
6667.jpg 2 3 11 9
5498.jpg 2 1 11 2 1 1
229.jpg 2 3 11 8
3117.jpg 6 5
3329.jpg 2 9
6698.jpg 2 2 7
5774.jpg 2 3 1
7409.jpg 12 6 2
776.jpg 2 5 1
2171.jpg 2 3 11 6
6173.jpg 2 2 1 1
5004.jpg 2 2 1
4791.jpg 2 4 11 6
201.jpg 2 5 1
2128.jpg 10 4
1254.jpg 2 2
2670.jpg 2 8 11 9
874.jpg 2 3 5
2166.jpg 1 10
5665.jpg 10 10
6810.jpg 3 4
2224.jpg 2 1 9
5361.jpg 2 3 1
4358.jpg 10 3
3523.jpg 2 2
3184.jpg 2 8
2396.jpg 8 5
4560.jpg 8 3 11 5
1043.jpg 7 11 4 1 1
3488.jpg 9 7
6905.jpg 2 1 10
3271.jpg 8 2
196.jpg 7 11 6
3456.jpg 2 4
4384.jpg 2 3
3549.jpg 4 7
2937.jpg 2 3 1
7248.jpg 9 10
1457.jpg 2 2 4
4898.jpg 2 3
4028.jpg 2 3 3
1987.jpg 2 11 6 1
2039.jpg 2 4
806.jpg 3 6 1
6914.jpg 2 1
7135.jpg 2 2 11 3
3573.jpg 3 5 1
5187.jpg 3 2 1
7156.jpg 7 1
6920.jpg 2 9 11 10
5023.jpg 2 5 11 7
1080.jpg 9 5
6850.jpg 8 2
3745.jpg 9 11 4 1 1
6941.jpg 2 3 5
4821.jpg 2 1
6170.jpg 8
4349.jpg 10 3
7456.jpg 12 2 1 7
7091.jpg 2 11 6 6
4709.jpg 7 9
2558.jpg 2 5
3868.jpg 4 6
16.jpg 2 1 5
4310.jpg 6 1
879.jpg 2 4
3125.jpg 2 6
1270.jpg 2 11 3 9
2112.jpg 2 9
1795.jpg 2 4
4741.jpg 7 11 2 1 1
5762.jpg 2 4
3658.jpg 12 2 2 2 11 10
7396.jpg 2 3 1
2995.jpg 9 11 9 1 1
4630.jpg 10 9
1880.jpg 2 6 11 10
1852.jpg 2 10
4592.jpg 2 6 11 7
5233.jpg 2 3 10
6345.jpg 9 7
2907.jpg 2 6 6
3396.jpg 5 11 7 1 1
3518.jpg 2 5
279.jpg 8 11 8 1 1
1760.jpg 5 11 9 1 1
1518.jpg 5 10
557.jpg 3 6 1
3576.jpg 7 5
5957.jpg 9 9
3889.jpg 2 6
2313.jpg 3 6
4294.jpg 2 9 11 7
6111.jpg 2 5
466.jpg 2 3 11 6
2170.jpg 2 4 11 6
7262.jpg 3 8
2033.jpg 10 7 11 6
2343.jpg 8 4
4640.jpg 2 1
7059.jpg 9 11 9 1 1
3567.jpg 2 9 11 7
2891.jpg 2 6 4
4127.jpg 2 1 11 3
5502.jpg 2 6 11 6
4696.jpg 5 9
1868.jpg 3
1231.jpg 2 1 5 11 6
1327.jpg 2 3 11 8
7284.jpg 2
2500.jpg 8
4336.jpg 3 6 11 3
5326.jpg 2 7
953.jpg 3 2 11 4
456.jpg 10
6545.jpg 2 4
7036.jpg 2 2 11 10
358.jpg 2 2 8
5321.jpg 3 8 11 6
4083.jpg 2 4 6
7207.jpg 7 10
5933.jpg 8 7
2640.jpg 2 6
4920.jpg 10 11 7 1 1
918.jpg 8 5
3289.jpg 2 3 11 6
5597.jpg 2 4
5496.jpg 2 4 11 6
2179.jpg 2 1
4704.jpg 3 1
2321.jpg 5 8
5659.jpg 2 3 11 4
531.jpg 2 9 11 4
5570.jpg 2 3
1651.jpg 10 11 2
7043.jpg 3 3 1
5567.jpg 2 3
3042.jpg 9 11 3 1 1
4887.jpg 2 5 11 4
3848.jpg 2 3
5960.jpg 2 5 11 4
312.jpg 5 6
3729.jpg 4 8
1131.jpg 2 6 1
4112.jpg 6 11 10 1 1
6901.jpg 2 3
6837.jpg 9 3
4511.jpg 10 7
2534.jpg 2 2 7
2124.jpg 8 4
5729.jpg 8 2
4699.jpg 3 6 1
6102.jpg 7 5
1212.jpg 2 5 11 3
518.jpg 2 1 6
4858.jpg 2 5
7189.jpg 7 11 5
7214.jpg 2 7
3911.jpg 8 1
3264.jpg 3 2 1
6321.jpg 3 2 1
6833.jpg 9
4178.jpg 6 11 4
4726.jpg 7
1496.jpg 2 11 6 1
7047.jpg 2 3
3732.jpg 5 7
4281.jpg 10 9
1424.jpg 2 5 4
5995.jpg 5 10
6019.jpg 2 5 11 6
449.jpg 3 5 1
4554.jpg 9 6 1 1
5002.jpg 3 1 1
4519.jpg 2 2 7 11 6
7269.jpg 10 2
1794.jpg 8 9
7444.jpg 2 11 4 9
4693.jpg 7 9
2268.jpg 2 3
7448.jpg 12 2 3 9 11 8 1 3
336.jpg 6 11 9 1 1
6734.jpg 2 1 8
6195.jpg 6 11 6 1 1
3515.jpg 2 10 11 7
4965.jpg 2 2
6962.jpg 2 6 6
5010.jpg 9 9
750.jpg 10 1
1921.jpg 8 11 2 1 1
6469.jpg 8 6
4769.jpg 7
5363.jpg 7 9
4897.jpg 2 2
5651.jpg 7 11 2 1 1
5805.jpg 9 11 6
866.jpg 2 6 5
6842.jpg 10
788.jpg 2 2 11 6
7081.jpg 2 2
3026.jpg 2 7
5200.jpg 2 9 11 6
551.jpg 2 8 11 4
957.jpg 9 5
4649.jpg 9 9 11 6
5229.jpg 6 9
5095.jpg 8 2
3112.jpg 2 4
4288.jpg 2 4
1981.jpg 2 2
3360.jpg 2 4 11 3
4870.jpg 2 3 5
1055.jpg 8 10
794.jpg 2 1 10
4107.jpg 12 2 2 3 11 2 10
3849.jpg 6 11 6 1 1
5785.jpg 9 4
3531.jpg 2 5 3
550.jpg 7 1
3958.jpg 10 9
220.jpg 3 10
3870.jpg 2 11 6 9
203.jpg 8 4
2362.jpg 7 3
1233.jpg 2 5 6
4426.jpg 2 3
2994.jpg 2 5
4714.jpg 2 4 3
6183.jpg 2 9
3578.jpg 2 6 6
1021.jpg 7 11 5 1 1
6160.jpg 8 5
961.jpg 6 7
5457.jpg 8 11 3 1 1
493.jpg 5 11 3 1 1
7061.jpg 2 4
4286.jpg 2 6 11 9
6778.jpg 3 6 1
3724.jpg 2 4 11 6
5163.jpg 8 11 3 1 1
388.jpg 6 8
6482.jpg 3 4
3398.jpg 2 2
3067.jpg 2 7 11 9
5519.jpg 9 6
1088.jpg 2 2 2
3404.jpg 7
2282.jpg 2 3
3525.jpg 2 6
364.jpg 2 4 11 8
63.jpg 8 11 7 1 1
4320.jpg 4
6486.jpg 2 1
444.jpg 2 3
782.jpg 10 10
6445.jpg 2 4 11 7
3742.jpg 2 3 11 6
6757.jpg 3 1 4
4484.jpg 2 1 5
7044.jpg 2 1 11 10
1966.jpg 2 4 1
1950.jpg 2 4
5626.jpg 2 2 11 8
535.jpg 10 10
1603.jpg 2 1 2
1688.jpg 6 11 7 1 1
6109.jpg 10 11 3
3574.jpg 8 11 2 1 1
6055.jpg 2 11 4 1
7335.jpg 5 7
2859.jpg 6 8
3044.jpg 2 1 11 4 1 1
6717.jpg 2 6 1
6859.jpg 2 2
2299.jpg 10 4
3956.jpg 4 4
4283.jpg 10 3
5203.jpg 2 2 9
5111.jpg 2 3 11 4
2719.jpg 2 3 11 6
4625.jpg 10 6
903.jpg 9 4
868.jpg 7
589.jpg 5 9
1552.jpg 2 6 7
6552.jpg 2 2 1
5983.jpg 7 11 5 1 1
5021.jpg 10 6
2491.jpg 2 1 6
42.jpg 2 6
5978.jpg 2 8 11 9
1974.jpg 2 2
1614.jpg 8 4
3783.jpg 2 5 2
4334.jpg 2 3 11 6
245.jpg 2 11 3 1
3893.jpg 7 8
3143.jpg 4 8
4561.jpg 9 11 9 1 1
2856.jpg 2 1 6
4518.jpg 7 5
1130.jpg 2 6
6728.jpg 10
7233.jpg 7 9
4687.jpg 2 11 6 1
4951.jpg 2 3 11 3
4366.jpg 10 11 8
4760.jpg 2 1 4
736.jpg 2 4
6252.jpg 2 2 11 6 1 1
6743.jpg 6 8 11 6
4072.jpg 1 2
1926.jpg 7 11 4 1 1
5822.jpg 8 11 6
4558.jpg 8 1
2938.jpg 2 3 2
5112.jpg 1 6
1124.jpg 2 3 11 6
5938.jpg 12 2 7 2 11 1 7
2735.jpg 2 2
1097.jpg 2 2 10
3534.jpg 2 1 6
6354.jpg 3 7 11 8 2
6308.jpg 2 3
3622.jpg 10 2
982.jpg 2 1 7
1202.jpg 9 11 6
1315.jpg 6 11 6 1 1
4958.jpg 8 7
6725.jpg 2 2 8
1298.jpg 2 6 7
4571.jpg 9 9 11 5
5048.jpg 7 5
5198.jpg 7 9
4284.jpg 2 7
6724.jpg 2 4 11 6 1 1
5305.jpg 3 3
3077.jpg 2 7
1182.jpg 6 11 10 1 1
6148.jpg 2 11 6 1
1470.jpg 2 1 6
6198.jpg 8
6989.jpg 2 7 11 9
1256.jpg 4 10
3342.jpg 2 2
764.jpg 2 5 5
2876.jpg 2 6 4
6705.jpg 8 6
3556.jpg 9
785.jpg 2 2 6
2406.jpg 8 11 9
7073.jpg 12 2 4 10 11 8
3152.jpg 6 10
6999.jpg 2 5 5
6154.jpg 8 11 9 1 1
4631.jpg 2 4 1
1821.jpg 2 9
6634.jpg 9 2
3185.jpg 7 2
4632.jpg 2 1 8
7124.jpg 2 9 7
3151.jpg 2 6
3256.jpg 9 8
2569.jpg 2 11 6 6
5019.jpg 2 3 11 10 1 1
5913.jpg 2 2 2
5069.jpg 2 2
3350.jpg 8 1
2962.jpg 7 11 2 1 1
2946.jpg 10 5
4910.jpg 8 3
244.jpg 2 1 6 1 1
3439.jpg 2 2 11 8
2690.jpg 3
505.jpg 2 1 10
2630.jpg 4 9
4652.jpg 8
2010.jpg 2 3 11 6
4950.jpg 8 11 3 1 1
4396.jpg 7 3
6730.jpg 9
1361.jpg 7 8
1787.jpg 2 6 4
7203.jpg 6 4
3229.jpg 7 11 9
3969.jpg 2 2
2649.jpg 2 7 11 3
6392.jpg 2 2
6903.jpg 2 3
5309.jpg 9 9
5841.jpg 2 2
2592.jpg 8 1
2610.jpg 2 2 11 7
4393.jpg 10 11 2
4623.jpg 6 11 5 1 1
6303.jpg 2 4 11 6
5636.jpg 6 1
3758.jpg 2
1257.jpg 10 9
3652.jpg 2 3
1473.jpg 10 11 9
4878.jpg 2 1 5
822.jpg 10 1 11 6 2
1427.jpg 4 8
2373.jpg 2 4
6247.jpg 2 2 4
5949.jpg 2 1 11 8
2483.jpg 2 11 10 6
2472.jpg 2 2
7469.jpg 2 9 6 11 6 7
6084.jpg 2 2
6133.jpg 2 2 5
117.jpg 2 5 3
3261.jpg 2 3
2295.jpg 9
2635.jpg 5 9
5166.jpg 2 4 11 1
1243.jpg 6 5
3716.jpg 7 1
431.jpg 2 3 9
3484.jpg 8 3
844.jpg 3 3 1
848.jpg 10
5972.jpg 4 4
3720.jpg 10
1771.jpg 2 4 1
6608.jpg 2 3
1586.jpg 5 1
4579.jpg 3 5 6
4886.jpg 2 11 6 6
1196.jpg 6 7
6374.jpg 7 6
5451.jpg 2 2 1
4927.jpg 2 4
3914.jpg 3 9
3500.jpg 2 4 1
5058.jpg 2 3
3288.jpg 6 7
1346.jpg 9 7
787.jpg 2 2 11 2 1 1
6146.jpg 9 1
2714.jpg 2 6
3812.jpg 2 1
3354.jpg 9 11 9
7273.jpg 6 9
3837.jpg 2 5 11 6
441.jpg 3 4 1
3182.jpg 2 5 1
833.jpg 2 11 1 2
2747.jpg 2 5 11 6
3618.jpg 2 7
2614.jpg 2 11 6 1
7221.jpg 3 2
1883.jpg 5 2
4507.jpg 9
5297.jpg 8 6
497.jpg 2 11 6 9
7430.jpg 12 2 5 2 11 9 9
226.jpg 10 7
1478.jpg 7 1
6688.jpg 9 8
1422.jpg 7 5
2858.jpg 4 5
2382.jpg 9 11 8 1 1
5936.jpg 2 5 11 2
4001.jpg 7 8
3687.jpg 6
1589.jpg 7
299.jpg 2 1 7
4276.jpg 7 8
3678.jpg 6 11 9 1 1
4771.jpg 2 2 1
1491.jpg 10
6712.jpg 10
3633.jpg 2 11 4 1
1125.jpg 9 9
3175.jpg 9 5
7104.jpg 2 8
6207.jpg 2 5 1
880.jpg 2 5 8
698.jpg 2 4
4899.jpg 2 6 1
1691.jpg 2 1 11 6
2980.jpg 7 11 9 1 1
7130.jpg 9 11 7 1 1
4369.jpg 3 3
6600.jpg 2 1 1
3601.jpg 10 11 8
1466.jpg 2 5 1
4201.jpg 2 4 4
3114.jpg 2 4 1
6333.jpg 9 8
6884.jpg 10 10
2790.jpg 8 9
6073.jpg 3
1267.jpg 6 7 1 1
6057.jpg 7 11 5
6894.jpg 6 2
5051.jpg 2 11 6 4
4156.jpg 9 1
4260.jpg 2 5 11 2 1 1
7106.jpg 2 3
6687.jpg 3 7 1
5284.jpg 2 1
4182.jpg 5 8
3752.jpg 9 11 8 1 1
3835.jpg 9 11 5 1 1
5520.jpg 2 7
6498.jpg 7 2 11 6
1920.jpg 9
5706.jpg 2 3 11 9 1
4344.jpg 2 4 11 8
1479.jpg 7 11 3
1079.jpg 2 3 11 6
5796.jpg 2 5
1387.jpg 7 2
1134.jpg 9 3
6885.jpg 2 4 7
2579.jpg 3 7
1011.jpg 10
3817.jpg 2 6
3280.jpg 3 1
1707.jpg 10 1
4175.jpg 2 9
1340.jpg 10 11 2
5070.jpg 2 6 4
487.jpg 2 3
1917.jpg 2 1 11 10 1 1
69.jpg 2 6 5
3919.jpg 10 11 9 1 1
4018.jpg 3 2
6114.jpg 9 4
2763.jpg 2 2 11 8
2983.jpg 6
370.jpg 2 1
5183.jpg 6 8
1104.jpg 8
1322.jpg 4 11 7 1 1
5102.jpg 7 11 5 1 1
2926.jpg 5 8
5324.jpg 5 11 1 1
723.jpg 10
6550.jpg 8 4
4479.jpg 2 9 11 6
1946.jpg 2 8 9 1 1
3587.jpg 10
2892.jpg 2 2
5499.jpg 7 7
423.jpg 2 1 6
3057.jpg 6 6 11 1 1
5089.jpg 2 6 2
3691.jpg 2 4
4606.jpg 2 1 4
4528.jpg 2 3
3163.jpg 2 8 11 9
6660.jpg 2 3 11 2
3258.jpg 2 2
4073.jpg 2 5
5826.jpg 2 2 6
1397.jpg 6 11 2 1 1
4264.jpg 9 7
6955.jpg 2 5 10
3968.jpg 2 6 10
3864.jpg 9 7
6528.jpg 5 4
4255.jpg 3 2 6
316.jpg 3 1 1
7393.jpg 12 8 4 11 7
648.jpg 2 3 11 6
6578.jpg 2 11 5 1
310.jpg 2 5 4
1990.jpg 10 8 1 1
6228.jpg 3 7
4914.jpg 2 2 8 1 1
3681.jpg 2 2 8
3243.jpg 3 3
1576.jpg 2 1 11 1 1
5506.jpg 10 5
4279.jpg 2 1
5410.jpg 2 5 6
6740.jpg 2 4
5500.jpg 2 1 11 9 1 1
2882.jpg 5
5461.jpg 9 8
2644.jpg 5 6
1413.jpg 2 1 4
2097.jpg 2 3 11 6
7138.jpg 10 9
4049.jpg 7 8
7413.jpg 9 1
2921.jpg 2 7 11 2
2280.jpg 2 3
6116.jpg 2 6 1
3528.jpg 5 3
3535.jpg 2 5
6439.jpg 2 4 11 7
399.jpg 2 3 2
6575.jpg 9 10
4784.jpg 2 6 6
7252.jpg 7 4
99.jpg 12 5 1 11 6 5
3408.jpg 6
3995.jpg 3 10
2509.jpg 8 11 8 1
7179.jpg 3 1 1
2151.jpg 2 1 6
2565.jpg 2 9 10
6815.jpg 8 6
2683.jpg 6 6
1477.jpg 8 9
157.jpg 2 2 11 9
2646.jpg 2 5 3
6994.jpg 10 11 7 1 1
6453.jpg 2 11 5 10
586.jpg 2 5
5489.jpg 2 5
2769.jpg 2 5 11 6
3940.jpg 5 7
734.jpg 2 3
4694.jpg 2 9 9
2604.jpg 2 6 7
2553.jpg 2 9 11 9
4647.jpg 2 7 1
6194.jpg 6 3
4188.jpg 2 5 11 6
4968.jpg 7 11 5
5569.jpg 2 5
1111.jpg 7 11 7 1 1
2864.jpg 2 2 11 6
4581.jpg 2 2 8
4096.jpg 2 6 3
3005.jpg 3 1 1
430.jpg 2 4 3
6034.jpg 2 6 6
4523.jpg 8 11 7 1 1
5247.jpg 2 4
6888.jpg 3 2
6765.jpg 4 9
148.jpg 2 10 10
4712.jpg 6 8
1352.jpg 2 11 2 1
5533.jpg 2 3
6574.jpg 2 1 11 4 1 1
3615.jpg 2 9
714.jpg 2 11 2 10
4952.jpg 2 5 11 9
1945.jpg 9 3
676.jpg 2 5
2952.jpg 2 4 11 3
404.jpg 2 3 11 6
1507.jpg 2 3 11 6
2973.jpg 3 2 1
3979.jpg 2 2 9
1341.jpg 2 5
174.jpg 3 1
1706.jpg 8 1
1095.jpg 4 6 11 9 1 1
1166.jpg 2 2
1876.jpg 2 9 4
1682.jpg 7 9
6776.jpg 3 3 11 6
5026.jpg 2 6
3548.jpg 2 1 10
1602.jpg 8
2914.jpg 2 3
4198.jpg 9 1
5558.jpg 2 3 10
3892.jpg 2 1 10
5292.jpg 10
5709.jpg 9 8
6860.jpg 8 7
6112.jpg 2 3 11 2
4440.jpg 2 1 5
4420.jpg 2 3 4
6911.jpg 2 4
4184.jpg 9 10
7154.jpg 2 6
2552.jpg 2 4 3
618.jpg 2 3
1869.jpg 7 11 8 1 1
1331.jpg 5 4
1154.jpg 9 5
6050.jpg 8 1
4147.jpg 8 7
3022.jpg 2 1
1825.jpg 10 8
1110.jpg 2 4 11 10
796.jpg 2 11 6 9
1601.jpg 7 7
56.jpg 2 2 11 6
4657.jpg 2 2 6
2381.jpg 4 7
6395.jpg 10 1
406.jpg 2 2
5312.jpg 9 11 5
2002.jpg 3 3 11 6
3302.jpg 2 3 11 6
5821.jpg 9 8
2680.jpg 10 8
6518.jpg 2 4 7
2024.jpg 7 7
512.jpg 2 5 1
7140.jpg 5 8
6521.jpg 2 3 8
268.jpg 2 5 9
3076.jpg 2 2 11 6
6136.jpg 6 11 7 1 1
5571.jpg 2 2 9
2803.jpg 2 3
3069.jpg 7
4126.jpg 2 3
2911.jpg 3 8
5372.jpg 2 4 11 6
2999.jpg 2 11 6 10
2917.jpg 8 1
1571.jpg 2 2
384.jpg 3 1 1
287.jpg 2 2 3 11 6
4380.jpg 10 11 6
3929.jpg 2 2 11 6
6954.jpg 3 7 1
567.jpg 10 8
4862.jpg 2 3
6070.jpg 2 3
881.jpg 4 5
3684.jpg 8 4
6306.jpg 8 10
6040.jpg 7 2
1262.jpg 2 4 5
3510.jpg 2 5
5430.jpg 2 8
7303.jpg 5 2
3876.jpg 2 1 11 8
2272.jpg 2 1 2
6853.jpg 2 3 1
2583.jpg 9 5
6493.jpg 3 1
1929.jpg 2 1
2080.jpg 2 7
653.jpg 2 2
1320.jpg 6 11 10 1 1
7129.jpg 2 5
6365.jpg 2 5 11 4
3750.jpg 10 1
1368.jpg 2 1 8
5851.jpg 9 8
4494.jpg 2 8
1039.jpg 12 2 6 1 11 8
5468.jpg 2 1 11 3
2476.jpg 10 8
6679.jpg 9 4 11 6
2478.jpg 10 2
1044.jpg 2 3 11 6
6211.jpg 2 3
7142.jpg 7 7
4973.jpg 2 2 1
3862.jpg 2 6 1
3245.jpg 2 4
2588.jpg 2 5 1 1
6075.jpg 2 3 11 6
2985.jpg 2 5 1
3739.jpg 2 5 1
3353.jpg 8 7
7373.jpg 10 2
2745.jpg 10 10
6240.jpg 7 7
4361.jpg 2 2 9
6834.jpg 2 2
3577.jpg 2 6
6290.jpg 2 2 7
7035.jpg 10
933.jpg 2 2 9
1464.jpg 8 7
2816.jpg 8 11 9 1 1
4009.jpg 6 6
2003.jpg 2 4
7322.jpg 2 8
6967.jpg 9 8 11 6
7243.jpg 7 2
3134.jpg 2 3
3722.jpg 8 1
2927.jpg 9
2867.jpg 7 3 11 6
2669.jpg 2 6 3
1596.jpg 4 8
2063.jpg 2 6 6 1 1
5148.jpg 2 6
2037.jpg 2 2
3464.jpg 3 7 11 9
4319.jpg 9 7
2066.jpg 2 1
2344.jpg 10 7
5152.jpg 2 4 11 3
717.jpg 2 10 1
950.jpg 6 2 1 1
5057.jpg 2 1 7
1658.jpg 10 1
471.jpg 3 3 11 6
6969.jpg 2 5
1517.jpg 6 7
5590.jpg 7 7
5136.jpg 2 7
3626.jpg 2 9 11 3
6828.jpg 2 2 7
5232.jpg 10 9
5386.jpg 3 4 1
2821.jpg 2 4 10
2345.jpg 2 2
354.jpg 7 3
7439.jpg 12 2 10 5
1230.jpg 2 4 11 5
3631.jpg 2 1 3
515.jpg 2 5
1199.jpg 2 5
2572.jpg 2 10 11 6
7196.jpg 10 1
802.jpg 8 5
2492.jpg 2 2 1 1
1447.jpg 7 10
1843.jpg 8 6
5959.jpg 3 3 11 5
1515.jpg 8 11 4 1 1
768.jpg 2 5
4142.jpg 2 2 11 8 1 1
1516.jpg 8 4
4609.jpg 2 1 11 3
132.jpg 3 3
981.jpg 2 2 11 6
3333.jpg 3 1 11 2 1
2677.jpg 2 2
2715.jpg 2 2
7224.jpg 3 1
6047.jpg 2 4 1
4550.jpg 8 3
1955.jpg 4 3
490.jpg 2 2 1
3207.jpg 2 3 11 6
1727.jpg 7 1
1497.jpg 2 2
1913.jpg 10 1 11 6
2060.jpg 2 11 1
4273.jpg 2 1
5377.jpg 2 1 11 10
5264.jpg 7
5683.jpg 3 4 1
7468.jpg 12 8 9 11 9
1640.jpg 2 3 2
6981.jpg 12 2 4 3
1732.jpg 8 11 6
4580.jpg 2 1 11 4
73.jpg 5 11 3 1 1
5547.jpg 9 3
7420.jpg 12 2 10 7 11 7 7
2779.jpg 8 10
4407.jpg 2 4 3
286.jpg 7 11 3 1 1
74.jpg 2 2
451.jpg 2 5
5044.jpg 8 3
6700.jpg 2 11 1 10
5537.jpg 2 3
507.jpg 3 4
26.jpg 2 3
1788.jpg 2 2
560.jpg 7 6
396.jpg 10 8
2393.jpg 3 4 1
6226.jpg 2 6 1
6039.jpg 3 4 1
4189.jpg 8 6
5101.jpg 2 3 11 6
7366.jpg 12 2 6 1
5421.jpg 2 6 5
840.jpg 2 3 11 6
5063.jpg 2 11 3 2
1889.jpg 7 9
3054.jpg 2 3 1
3579.jpg 3 1 1
2169.jpg 2 1 11 5
6697.jpg 10 11 8 1 1
1807.jpg 6 5
6790.jpg 8 5
942.jpg 2 3
4030.jpg 2 3 11 6
7383.jpg 5 9
2546.jpg 3 3
93.jpg 5 5
3519.jpg 6 2
5770.jpg 5 11 7
7339.jpg 6
5693.jpg 2 3
4781.jpg 2 1 10
914.jpg 2 1 3
4947.jpg 2 4 5
2602.jpg 2 6 11 7
7372.jpg 12 4 7
4205.jpg 2 7 11 3 1 1
2801.jpg 2 4 7
5436.jpg 8 4
3580.jpg 5 10
3038.jpg 8 3
5776.jpg 8 2
7225.jpg 4 1
1400.jpg 2 5 11 5
4079.jpg 2 9 11 10
3640.jpg 5 11 6 1 1
7285.jpg 2 1 9
12.jpg 2 3
5226.jpg 6 11 2 1 1
2452.jpg 2 2
6549.jpg 9 11 3 1 1
1722.jpg 3 4 1
5799.jpg 8 6
3234.jpg 2 7 11 6 1 1
5329.jpg 2 9 11 5
5901.jpg 2 7 11 7
1973.jpg 8 3
346.jpg 7 11 8 1 1
4980.jpg 2 3
1898.jpg 3 1 1
3340.jpg 2 4 1
1631.jpg 9 5
5249.jpg 2 5
3781.jpg 2 5
6120.jpg 10
3445.jpg 2 2 11 6
5359.jpg 2 2 9
2407.jpg 6 4
2479.jpg 2 3
2997.jpg 8
5789.jpg 8 11 3 1 1
5373.jpg 8 11 9
1500.jpg 2 1 10
223.jpg 10 8 1 1
1906.jpg 2 3 11 8
2792.jpg 4
7474.jpg 12 2 4 4
3356.jpg 2 6
5932.jpg 2 10
1052.jpg 2 2
543.jpg 2 2 4
983.jpg 6 11 5 1 1
2693.jpg 8 3
7060.jpg 2 2 11 6 1 1
1709.jpg 3 4 11 3
5778.jpg 7 8
4827.jpg 2 3 11 2
2530.jpg 7 10 11 6
2771.jpg 6 5
2659.jpg 8 5 6 1 1
123.jpg 2 3
3103.jpg 10 8
2511.jpg 7
443.jpg 9
4433.jpg 8 3
2096.jpg 2 2 8
5678.jpg 12 2 6 5
5646.jpg 6 11 9 1 1
912.jpg 2 3 7
445.jpg 2 4 9
3583.jpg 4 7
5368.jpg 2 5 4
1187.jpg 6 1 11 3 1 1
6414.jpg 6 7 1 1
3900.jpg 2 6 6
5595.jpg 2 9 11 7
6043.jpg 2 2 11 10
5892.jpg 2 11 6 6
6922.jpg 4 4
2913.jpg 2 1
5075.jpg 2 2 11 6
3749.jpg 2 2 11 9
376.jpg 6 7 11 4 7
4953.jpg 8 10
121.jpg 4 5
2542.jpg 2 4 6
2093.jpg 3 8 11 6
6836.jpg 7 4 11 6
4422.jpg 2 2 3
4976.jpg 7 8
3248.jpg 2 3 11 6
4616.jpg 8 11 2 1 1
2471.jpg 2 2
6259.jpg 12 9 2
2198.jpg 2 5 4
1355.jpg 2 10 1
6476.jpg 2 4 11 4 1 1
5679.jpg 3 7 11 3
3688.jpg 2 5 6
4717.jpg 9 8
7299.jpg 6 2
3913.jpg 2 2
5298.jpg 10 11 6
5482.jpg 2 11 1 3
4618.jpg 3 2 1
4981.jpg 8 11 2
4050.jpg 10
4213.jpg 2 2 11 2 1 1
5125.jpg 3 8 11 6
3443.jpg 9 3
607.jpg 2 3
6960.jpg 10 8 11 4 6
2815.jpg 3 6 1
4770.jpg 9
3543.jpg 2 7
5078.jpg 2 10 11 4
4735.jpg 2 5
859.jpg 10 3
170.jpg 2 4 11 5
3993.jpg 2 9 11 6
6263.jpg 3 9
2978.jpg 2 11 2 1
3884.jpg 2 4 3
7424.jpg 2 4 6
3492.jpg 2 6
4762.jpg 3 5 1
6499.jpg 6 6 11 9 1 1
5105.jpg 3 3
1537.jpg 9 7
1487.jpg 6 8
4869.jpg 8
5883.jpg 9 5
6561.jpg 9
3212.jpg 7 1
2662.jpg 3 6 1
3043.jpg 2 3 7
7098.jpg 6 11 4
4019.jpg 9 11 6
1991.jpg 9 8
2366.jpg 2 8 11 3
3629.jpg 2 9
1716.jpg 2 3
1641.jpg 2 2 11 6
6516.jpg 6 11 4 1 1
288.jpg 2 3
7457.jpg 8 6
4296.jpg 2 1
7108.jpg 9 3
1885.jpg 3 6
7455.jpg 12 7 10
327.jpg 2 10 11 2
4522.jpg 2 3 1
7014.jpg 9 11 3 1 1
1347.jpg 9 6
265.jpg 2 4
4004.jpg 2 4 9
115.jpg 2 2
77.jpg 2 1 11 3
1801.jpg 2 9 11 5
2906.jpg 2 11 1 3
5034.jpg 6 11 4
2744.jpg 6 11 4 1 1
6011.jpg 2 11 3 1
2960.jpg 2 2 3 11 6
453.jpg 5 1
1609.jpg 5 10
3755.jpg 2 2 11 6
7125.jpg 2 4
1004.jpg 6 9
6044.jpg 2 6 3 1 1
4807.jpg 3 1
7473.jpg 2 5 2 11 1 3
7068.jpg 9 2
941.jpg 8
1908.jpg 2 4 9
1618.jpg 2 4 11 4 1
1511.jpg 2 3 4
3479.jpg 2 6
4308.jpg 4 3
5157.jpg 8 3 11 6
4820.jpg 2 6
5631.jpg 2 10 11 2
6745.jpg 9 6
7377.jpg 12 2 1 2
6196.jpg 2 2 4
5189.jpg 3 7
236.jpg 2 6 11 3 1 1
306.jpg 2 8 11 4
2982.jpg 2 2 2
3623.jpg 9 8
289.jpg 7
6025.jpg 7 1
4229.jpg 2 4
7145.jpg 12 2 6 7
2783.jpg 2 3 6
2585.jpg 10 6
7293.jpg 4 4
6652.jpg 6 10
4454.jpg 2 1 11 8
6620.jpg 3 1
5290.jpg 2 9
4196.jpg 10
5955.jpg 2 6 7
5839.jpg 2 3
7052.jpg 2 3
810.jpg 9 9
1726.jpg 3 4 1
1924.jpg 2 3
2153.jpg 3 7 1
5254.jpg 2 3
2314.jpg 8 3
7332.jpg 9 6
683.jpg 8 6
5873.jpg 2 3
2190.jpg 2 4
6601.jpg 2 4 11 7
6510.jpg 2 3 1
684.jpg 5 1
5068.jpg 9
5261.jpg 2 8 11 4
2326.jpg 2 1
4509.jpg 4 4
6430.jpg 8 6
2176.jpg 10 8
2021.jpg 9 7
5167.jpg 9 11 9 1 1
520.jpg 8 11 6 1 1
6802.jpg 8 4
3019.jpg 2 9 11 3
4988.jpg 2 3
6323.jpg 2 7 11 2
2797.jpg 2 10 11 7
6872.jpg 2 2 7 1 1
6029.jpg 8 1
4167.jpg 2 3
6822.jpg 12 8 8
3310.jpg 9 11 9 1 1
884.jpg 4 4
5999.jpg 2 1
6005.jpg 2 1 8
6869.jpg 2 3 8
1198.jpg 2 4
1753.jpg 9 7
2957.jpg 7 9
2663.jpg 2 3
1317.jpg 7 11 5
28.jpg 2 2
5539.jpg 10 2
4097.jpg 3 1
2741.jpg 2 3 11 6
3656.jpg 2 2 8 11 6
7352.jpg 2 5 1
687.jpg 7 9
5197.jpg 2 1 1
7312.jpg 10 10
5417.jpg 5 3
4774.jpg 2 2 6
5663.jpg 9 11 6
6335.jpg 10
7400.jpg 10 10
4513.jpg 9 2
6030.jpg 10 11 3
2759.jpg 6
2721.jpg 2 5 3
6917.jpg 2 4 11 6
118.jpg 2 4
5779.jpg 2 3 11 8
6158.jpg 12 2 3 7
303.jpg 9 5
5607.jpg 2 4 1
4766.jpg 2 4
6162.jpg 2 5 4
7245.jpg 2 4
4259.jpg 12 2 8
6230.jpg 2 2
3401.jpg 2 5 9
2958.jpg 10 8
4974.jpg 9 3
540.jpg 9 11 10 1 1
2276.jpg 6 11 4
4553.jpg 2 3 2
4828.jpg 2 1 9
4884.jpg 2 2
1224.jpg 3 4 1
6992.jpg 2 5
4823.jpg 2 2 6
2496.jpg 4 10
3497.jpg 2 2
143.jpg 6 4
3909.jpg 7 4
4524.jpg 8 1
403.jpg 2 3 2
3856.jpg 2 1 1
2886.jpg 2 2 1
2195.jpg 2 3 11 7
3231.jpg 2 9
2469.jpg 2 3 1
4690.jpg 10 11 3 1 1
4193.jpg 3 2 3
7325.jpg 5 6
754.jpg 7 11 8 1 1
3247.jpg 6 11 6 1 1
5454.jpg 2 1 11 6
6202.jpg 12 7 9
6187.jpg 2 4
4779.jpg 2 4 6
353.jpg 2 1 11 3
6277.jpg 3 6 1
2340.jpg 6 7
1210.jpg 2 3
1449.jpg 2 5 1
6293.jpg 8 6 11 6
363.jpg 2 4 10
6074.jpg 2 3 1
425.jpg 2 3
6683.jpg 10 8
529.jpg 9 4
4801.jpg 6 10 1 1
2947.jpg 8 6
1907.jpg 2 4
1615.jpg 2 9 8 1 1
5463.jpg 8 11 8 1 1
4275.jpg 2 2 1
3153.jpg 2 3 11 3
4176.jpg 2 4 11 7
1557.jpg 9
5554.jpg 2 1 11 10
4877.jpg 5 1
6909.jpg 2 4 5
7024.jpg 9 9
3620.jpg 2 11 1 2
3463.jpg 10 1
350.jpg 9 11 4
6912.jpg 8 2
6468.jpg 9 1 6
1995.jpg 10 10
2755.jpg 2 1 11 6
4413.jpg 8 2
3228.jpg 2 11 1 1
1756.jpg 3 2 1
4002.jpg 2 6
6282.jpg 5
3719.jpg 9 11 5 6 1
131.jpg 2 4
4584.jpg 7 4
6426.jpg 2 2
1062.jpg 7 9
801.jpg 2 9 11 3
4047.jpg 8 6
2229.jpg 10 5
6995.jpg 10 6
3451.jpg 4 4
2243.jpg 6 11 8 1 1
3363.jpg 2 3 1
7441.jpg 3 1 11 10 8
4120.jpg 10 7
7316.jpg 3 3
6145.jpg 7 3
5231.jpg 8 11 4 1 1
309.jpg 2 6 1
2193.jpg 8 9 1 1
1890.jpg 2 3
5921.jpg 3 1
4465.jpg 2 5
3949.jpg 3 6 1
7066.jpg 2
4610.jpg 2 2 3
1652.jpg 2 3 1 11 6
7422.jpg 2 2 4
30.jpg 2 5 11 8
5548.jpg 8 5
6079.jpg 9 2
1098.jpg 2 7
4239.jpg 2 6 8
3145.jpg 9 9
1739.jpg 2 10 11 2
6627.jpg 2 1 5
3251.jpg 12 2 2 2
7414.jpg 12 9 5 11 1 6 4
4131.jpg 2 11 1 2
6975.jpg 9 10
2015.jpg 7 8
4805.jpg 2 1 3
5190.jpg 7
3566.jpg 2 6 11 3
922.jpg 2 5 11 8
847.jpg 2 4
6570.jpg 3 5 1
1085.jpg 5 8
1310.jpg 10
6062.jpg 6 11 2
427.jpg 6
478.jpg 2 4 11 6
5066.jpg 2 1 5
2089.jpg 2 11 6 1
6458.jpg 7 10
6016.jpg 10 2
7069.jpg 7 4
845.jpg 8 4
4855.jpg 2 1 11 9
5097.jpg 2 3 11 6
7263.jpg 8
180.jpg 10
3797.jpg 2 3 11 6
1711.jpg 2 3 1
6878.jpg 8 6 11 6
6085.jpg 2 1 4
726.jpg 7 6
2391.jpg 10 11 8 1 1
4386.jpg 6 9
6291.jpg 8 4
2849.jpg 2 3
1179.jpg 7 9
2440.jpg 2 3 11 6
1845.jpg 2 1 6
1461.jpg 8 4
6643.jpg 2 10
3254.jpg 6 1
1659.jpg 2 4 1
2341.jpg 2 7 11 9 1 1
5794.jpg 5 9
3127.jpg 2 2
1977.jpg 2 3 11 6
608.jpg 2 8 11 3
4476.jpg 3 9
7306.jpg 2 5 4
7327.jpg 2 5 9
4890.jpg 7 11 8
4842.jpg 2
1127.jpg 8 1
3419.jpg 2 6 5
3135.jpg 2 8
3321.jpg 9 5
6216.jpg 2 9 11 6
472.jpg 10 6
1255.jpg 10 11 9
5511.jpg 3 2
5897.jpg 2 3 11 8 1 1
677.jpg 6 11 6 1 1
6370.jpg 3 3 1
6997.jpg 9 9 1 1
3773.jpg 2 6 1
4538.jpg 2 3
1141.jpg 2 3 1
4732.jpg 2 6 6
5637.jpg 8 11 3 1 1
7165.jpg 2 3 11 6
5604.jpg 2 2
1626.jpg 8 11 7 1 1
5067.jpg 2 3
6876.jpg 3 2
6590.jpg 9 11 3
7279.jpg 2 3 6
1610.jpg 8 1
1851.jpg 12 10 9 11 4 8 10
6038.jpg 3 2 11 8
6334.jpg 2 2 6
1221.jpg 2 5 11 10
111.jpg 2 1
3832.jpg 2 2
4633.jpg 2 1
2287.jpg 10
6251.jpg 2 2
2862.jpg 9 5
2067.jpg 2 3
7491.jpg 2 5 2
2118.jpg 8 11 3 1 1
1170.jpg 2 6
2754.jpg 8 5
2954.jpg 9 7
6739.jpg 12 2 6 8 11 7
5096.jpg 2 2 10
5734.jpg 9 11 3 1 1
2290.jpg 2 3 5
4644.jpg 7 4 11 6
2126.jpg 2 9
1241.jpg 2 3
2950.jpg 2 3 6
2281.jpg 2 1 3
7489.jpg 12 3 1 1
1645.jpg 2 1 9
3188.jpg 2 4 8
3240.jpg 10 11 7
1374.jpg 9 1
4537.jpg 8 3
3422.jpg 7 6 1 1
4110.jpg 10 1
6224.jpg 2 4 1 1
5215.jpg 2 4
5852.jpg 9 11 1 1
2608.jpg 2 7 9
4602.jpg 2 1 5 1 1
1092.jpg 2 3 11 4
4874.jpg 2 4
1366.jpg 9 7
3405.jpg 2 2 5
2278.jpg 9 4
3821.jpg 8 4
7244.jpg 6 6
7494.jpg 12 2 4 7 11 3
100.jpg 12 2 7 11 4 10 2
5531.jpg 3 5 1
4248.jpg 9 8
6425.jpg 3 3
3924.jpg 8 2
5255.jpg 10 7
775.jpg 2 2 1
4588.jpg 5 10
735.jpg 2 4
3171.jpg 2 3
397.jpg 8 6
5275.jpg 2 6 11 3
4645.jpg 9 1
976.jpg 12 2 6 8 11 9
3809.jpg 2 3 7
3262.jpg 7 7
2031.jpg 2 10 1
633.jpg 2 6 8
4398.jpg 2 3
5354.jpg 8 8 3
5962.jpg 3 6 1
7144.jpg 3 1 4
1559.jpg 8 2
4225.jpg 8 6
332.jpg 8 11 8 1 1
1931.jpg 10 7
3502.jpg 3 1 1
1777.jpg 7 7
4204.jpg 2 1 3
6927.jpg 2 3
4796.jpg 10 11 3
3078.jpg 7 11 10 1 1
1439.jpg 2 1 11 10
1319.jpg 2 6 3
4570.jpg 2 2 11 4
4394.jpg 2 2 11 10
624.jpg 8 7
1960.jpg 2 2 4
6298.jpg 10 6
6565.jpg 10 10
7110.jpg 2 4
5426.jpg 7 11 7
1302.jpg 2 6 6
3465.jpg 2 6 1
2044.jpg 2 7 11 7
4458.jpg 8 11 9
44.jpg 8 10
3202.jpg 2 1 3
4406.jpg 8 11 9 1 1
1871.jpg 2 4
5193.jpg 10 6
3249.jpg 2 11 8 3
6018.jpg 2 6 6
154.jpg 8 2
2086.jpg 2 1 11 6
5924.jpg 8 11 6
4298.jpg 9 11 9 1 1
6918.jpg 8 6
1274.jpg 2 4 5 1 1
2364.jpg 5 11 6
4113.jpg 2 5
5466.jpg 2 2
3089.jpg 2 3 11 7
3759.jpg 2 3 6
1499.jpg 2 4 11 7
612.jpg 2 3
5345.jpg 2 4 11 2
5975.jpg 3 4 1
893.jpg 2 8 6 1 1
3397.jpg 7
3082.jpg 3 5
98.jpg 7 8
1228.jpg 2 2 11 7
6898.jpg 2 1 3
2183.jpg 3 3 1 1
4000.jpg 2 11 6 10
6626.jpg 10 11 8
987.jpg 2 3
6054.jpg 2 2
3268.jpg 8 3
3610.jpg 2 9
5668.jpg 2 5 11 8 1 1
1588.jpg 2 5 4
5433.jpg 3 3
5337.jpg 7 4
4036.jpg 2 2
3028.jpg 12 6 1
3860.jpg 2 4
3780.jpg 2 8
5939.jpg 7 3
5639.jpg 8 11 4 1 1
5379.jpg 2 3 11 9
2696.jpg 2 5
2750.jpg 10 1
2035.jpg 10
817.jpg 5 10
1867.jpg 2 5
6566.jpg 8 8
1432.jpg 9 2
5175.jpg 2 2
6670.jpg 9 6
1714.jpg 10 8 1 1
7399.jpg 12 7 10 11 10 2
178.jpg 4 2
4775.jpg 9 11 8
996.jpg 2 6 1
2794.jpg 3 9
3994.jpg 2 9
7483.jpg 12 2 10 4 11 3 8
5266.jpg 12 2 9 3
6491.jpg 2 9
6830.jpg 10
4203.jpg 2 3
930.jpg 9 11 6 1 1
5514.jpg 2 5 5
2798.jpg 3 3
6167.jpg 2 10 10
1183.jpg 9 11 9
4252.jpg 3 5 1
6789.jpg 7
5202.jpg 2 2
1951.jpg 7 6
3613.jpg 2 3
2796.jpg 2 3 1
2408.jpg 4 9
2939.jpg 6 8
3083.jpg 2 3 8
3400.jpg 3 3
3563.jpg 2 1 7
